    1.6678204760E-09     0.0000000000E+00
    3.3356409520E-09     0.0000000000E+00
    5.0034614280E-09     0.0000000000E+00
    6.6712819040E-09     0.0000000000E+00
    8.3391023800E-09     0.0000000000E+00
    1.0006922856E-08     0.0000000000E+00
    1.1674743332E-08     0.0000000000E+00
    1.3342563808E-08     0.0000000000E+00
    1.5010384284E-08     0.0000000000E+00
    1.6678204760E-08     0.0000000000E+00
    1.8346025236E-08     0.0000000000E+00
    2.0013845712E-08     0.0000000000E+00
    2.1681666188E-08     0.0000000000E+00
    2.3349486664E-08     0.0000000000E+00
    2.5017307140E-08     0.0000000000E+00
    2.6685127616E-08     0.0000000000E+00
    2.8352948092E-08     0.0000000000E+00
    3.0020768568E-08     0.0000000000E+00
    3.1688589044E-08     0.0000000000E+00
    3.3356409520E-08     0.0000000000E+00
    3.5024229996E-08     0.0000000000E+00
    3.6692050472E-08     0.0000000000E+00
    3.8359870948E-08     0.0000000000E+00
    4.0027691424E-08     0.0000000000E+00
    4.1695511900E-08     0.0000000000E+00
    4.3363332376E-08     0.0000000000E+00
    4.5031152852E-08    -4.0845182430E-17
    4.6698973328E-08     8.1690364859E-17
    4.8366793804E-08    -8.1690364859E-17
    5.0034614280E-08     1.6338072972E-16
    5.1702434756E-08    -1.2253554729E-16
    5.3370255232E-08    -8.1690364859E-17
    5.5038075708E-08     8.1690364859E-17
    5.6705896184E-08    -1.6338072972E-16
    5.8373716660E-08     1.6338072972E-16
    6.0041537136E-08     0.0000000000E+00
    6.1709357612E-08    -4.0845182430E-17
    6.3377178088E-08    -7.3955709864E-32
    6.5044998564E-08    -4.0845182430E-17
    6.6712819040E-08     7.6584717056E-18
    6.8380639516E-08    -7.6584717056E-18
    7.0048459992E-08     4.4674418282E-18
    7.1716280468E-08    -7.4590323382E-18
    7.3384100944E-08    -3.7095722324E-18
    7.5051921420E-08     2.3683424871E-19
    7.6719741896E-08    -5.0841457469E-19
    7.8387562372E-08     3.5194036794E-20
    8.0055382848E-08     8.9664940171E-21
    8.1723203324E-08    -9.2269922127E-22
    8.3391023800E-08    -1.9626949077E-21
    8.5058844276E-08     1.2989936792E-21
    8.6726664752E-08    -8.0129651259E-22
    8.8394485228E-08     2.0852601042E-23
    9.0062305704E-08     1.1019943845E-25
    9.1730126179E-08     4.3005398578E-27
    9.3397946655E-08    -1.8385180521E-27
    9.5065767131E-08     1.9286715520E-29
    9.6733587607E-08     1.8370891110E-30
    9.8401408083E-08     1.7737932257E-31
    1.0006922856E-07    -4.0097253421E-33
    1.0173704904E-07     6.8545893823E-32
    1.0340486951E-07     1.4129179449E-32
    1.0507268999E-07     5.9476441428E-32
    1.0674051046E-07     5.0597270536E-33
    1.0840833094E-07    -4.9356987320E-32
    1.1007615142E-07    -2.2148630133E-32
    1.1174397189E-07     5.0406989032E-32
    1.1341179237E-07    -7.6565344507E-32
    1.1507961284E-07     1.0482370341E-31
    1.1674743332E-07    -4.9356987320E-32
    1.1841525380E-07     5.0597270536E-33
    1.2008307427E-07     5.0597270536E-33
    1.2175089475E-07     5.0597270536E-33
    1.2341871522E-07     5.0597270536E-33
    1.2508653570E-07     5.0597270536E-33
    1.2675435618E-07     5.0597270536E-33
    1.2842217665E-07     5.0597270536E-33
    1.3008999713E-07     5.0597270536E-33
    1.3175781760E-07     5.0597270536E-33
    1.3342563808E-07     5.0597270536E-33
    1.3509345856E-07     5.0597270536E-33
    1.3676127903E-07     5.0597270536E-33
    1.3842909951E-07     5.0597270536E-33
    1.4009691998E-07     5.0597270536E-33
    1.4176474046E-07     5.0597270536E-33
    1.4343256094E-07     5.0597270536E-33
    1.4510038141E-07     5.0597270536E-33
    1.4676820189E-07     5.0597270536E-33
    1.4843602236E-07     5.0597270536E-33
    1.5010384284E-07     5.0597270536E-33
