    1.1674743332E-09     0.0000000000E+00
    2.3349486664E-09     0.0000000000E+00
    3.5024229996E-09     0.0000000000E+00
    4.6698973328E-09     0.0000000000E+00
    5.8373716660E-09     0.0000000000E+00
    7.0048459992E-09     0.0000000000E+00
    8.1723203324E-09     0.0000000000E+00
    9.3397946655E-09     0.0000000000E+00
    1.0507268999E-08     0.0000000000E+00
    1.1674743332E-08     0.0000000000E+00
    1.2842217665E-08     0.0000000000E+00
    1.4009691998E-08     0.0000000000E+00
    1.5177166332E-08     0.0000000000E+00
    1.6344640665E-08     0.0000000000E+00
    1.7512114998E-08     0.0000000000E+00
    1.8679589331E-08     0.0000000000E+00
    1.9847063664E-08     0.0000000000E+00
    2.1014537997E-08     0.0000000000E+00
    2.2182012331E-08    -5.1326166449E-13
    2.3349486664E-08    -7.9120523215E-12
    2.4516960997E-08    -5.3230205843E-11
    2.5684435330E-08    -1.7082346524E-10
    2.6851909663E-08     9.7532632445E-11
    2.8019383997E-08     4.2193336199E-09
    2.9186858330E-08     2.6643148351E-08
    3.0354332663E-08     1.1130622346E-07
    3.1521806996E-08     3.6573768209E-07
    3.2689281329E-08     1.0145508026E-06
    3.3856755663E-08     2.4750415232E-06
    3.5024229996E-08     5.4500747359E-06
    3.6191704329E-08     1.0996412391E-05
    3.7359178662E-08     2.0438574522E-05
    3.8526652995E-08     3.4890653045E-05
    3.9694127329E-08     5.4142314838E-05
    4.0861601662E-08     7.4920978080E-05
    4.2029075995E-08     8.9119996000E-05
    4.3196550328E-08     8.3307313420E-05
    4.4364024661E-08     4.1249768618E-05
    4.5531498995E-08    -4.9333201602E-05
    4.6698973328E-08    -1.8656501583E-04
    4.7866447661E-08    -3.4479030879E-04
    4.9033921994E-08    -4.7244412028E-04
    5.0201396327E-08    -5.0392188087E-04
    5.1368870661E-08    -3.8610335846E-04
    5.2536344994E-08    -1.1026969188E-04
    5.3703819327E-08     2.6785260938E-04
    5.4871293660E-08     6.3601805042E-04
    5.6038767993E-08     8.6462018339E-04
    5.7206242326E-08     8.6190267491E-04
    5.8373716660E-08     6.1782899877E-04
    5.9541190993E-08     2.1254583729E-04
    6.0708665326E-08    -2.1640380618E-04
    6.1876139659E-08    -5.3182775623E-04
    6.3043613992E-08    -6.5095791802E-04
    6.4211088326E-08    -5.7134101586E-04
    6.5378562659E-08    -3.6028345243E-04
    6.6546036992E-08    -1.1725901691E-04
    6.7713511325E-08     7.0917468866E-05
    6.8880985658E-08     1.6183390263E-04
    7.0048459992E-08     1.6368563827E-04
    7.1215934325E-08     1.1668782810E-04
    7.2383408658E-08     6.3553645544E-05
    7.3550882991E-08     2.7870600768E-05
    7.4718357324E-08     1.1249109929E-05
    7.5885831658E-08     4.8566453562E-06
    7.7053305991E-08     1.6480830312E-06
    7.8220780324E-08    -1.2832130489E-07
    7.9388254657E-08    -3.0973409669E-07
    8.0555728990E-08     2.4316777787E-07
    8.1723203324E-08     3.2179475238E-07
    8.2890677657E-08    -9.3143152252E-08
    8.4058151990E-08    -2.4804499860E-07
    8.5225626323E-08     1.9414190884E-08
    8.6393100656E-08     1.8666420135E-07
    8.7560574990E-08     1.9756196935E-08
    8.8728049323E-08    -1.3674706161E-07
    8.9895523656E-08    -3.7910611219E-08
    9.1062997989E-08     9.8080667908E-08
    9.2230472322E-08     4.3859949794E-08
    9.3397946655E-08    -6.9189945217E-08
    9.4565420989E-08    -4.3068603807E-08
    9.5732895322E-08     4.8290856292E-08
    9.6900369655E-08     3.8903235768E-08
    9.8067843988E-08    -3.3666545912E-08
    9.9235318321E-08    -3.3399269110E-08
    1.0040279265E-07     2.3816578301E-08
    1.0157026699E-07     2.7745758984E-08
    1.0273774132E-07    -1.7497197000E-08
    1.0390521565E-07    -2.2595757602E-08
    1.0507268999E-07     1.3712113098E-08
    1.0624016432E-07     1.8266501134E-08
    1.0740763865E-07    -1.1683262365E-08
    1.0857511299E-07    -1.4868992446E-08
    1.0974258732E-07     1.0815854430E-08
    1.1091006165E-07     1.2391850029E-08
    1.1207753599E-07    -1.0664359703E-08
    1.1324501032E-07    -1.0755299880E-08
    1.1441248465E-07     1.0902209016E-08
    1.1557995899E-07     9.8455756409E-09
    1.1674743332E-07    -1.1296070640E-08
    1.1791490765E-07    -9.5364463242E-09
    1.1908238199E-07     1.1684644341E-08
    1.2024985632E-07     9.7022885935E-09
    1.2141733065E-07    -1.1961526741E-08
    1.2258480499E-07    -1.0225634025E-08
    1.2375227932E-07     1.2061566300E-08
    1.2491975365E-07     1.1001138715E-08
    1.2608722798E-07    -1.1950119874E-08
    1.2725470232E-07    -1.1937268267E-08
    1.2842217665E-07     1.1614680016E-08
    1.2958965098E-07     1.2956565017E-08
    1.3075712532E-07    -1.1058404623E-08
    1.3192459965E-07    -1.3995063291E-08
    1.3309207398E-07     1.0295164243E-08
    1.3425954832E-07     1.5001229415E-08
    1.3542702265E-07    -9.3457887177E-09
    1.3659449698E-07    -1.5934672473E-08
    1.3776197132E-07     8.2352509507E-09
    1.3892944565E-07     1.6764776400E-08
    1.4009691998E-07    -6.9905849859E-09
    1.4126439432E-07    -1.7469352619E-08
    1.4243186865E-07     5.6393717974E-09
    1.4359934298E-07     1.8033369899E-08
    1.4476681732E-07    -4.2086601061E-09
    1.4593429165E-07    -1.8447788204E-08
    1.4710176598E-07     2.7242237429E-09
    1.4826924032E-07     1.8708514075E-08
    1.4943671465E-07    -1.2100717125E-09
    1.5060418898E-07    -1.8815478045E-08
    1.5177166332E-07    -3.1185077795E-10
    1.5293913765E-07     1.8771830532E-08
    1.5410661198E-07     1.8218189831E-09
    1.5527408631E-07    -1.8583249066E-08
    1.5644156065E-07    -3.3023815199E-09
    1.5760903498E-07     1.8257346447E-08
    1.5877650931E-07     4.7383377383E-09
    1.5994398365E-07    -1.7803170671E-08
    1.6111145798E-07    -6.1166638317E-09
    1.6227893231E-07     1.7230783273E-08
    1.6344640665E-07     7.4264003455E-09
    1.6461388098E-07    -1.6550911924E-08
    1.6578135531E-07    -8.6585207633E-09
    1.6694882965E-07     1.5774661386E-08
    1.6811630398E-07     9.8057858365E-09
    1.6928377831E-07    -1.4913276216E-08
    1.7045125265E-07    -1.0862588530E-08
    1.7161872698E-07     1.3977954184E-08
    1.7278620131E-07     1.1824804755E-08
    1.7395367565E-07    -1.2979691957E-08
    1.7512114998E-07    -1.2689642073E-08
    1.7628862431E-07     1.1929166952E-08
    1.7745609865E-07     1.3455497313E-08
    1.7862357298E-07    -1.0836636562E-08
    1.7979104731E-07    -1.4121773691E-08
    1.8095852164E-07     9.7120768032E-09
    1.8212599598E-07     1.4689629895E-08
    1.8329347031E-07    -8.5615642117E-09
    1.8446094464E-07    -1.5147868845E-08
    1.8562841898E-07     7.4401557534E-09
    1.8679589331E-07     1.5665905722E-08
    1.8796336764E-07    -5.7718492784E-09
    1.8913084198E-07    -1.4281254836E-08
    1.9029831631E-07     9.9440071366E-09
    1.9146579064E-07     3.0994819758E-08
    1.9263326498E-07     4.0567014573E-08
    1.9380073931E-07     1.1114582437E-07
    1.9496821364E-07     3.5396956086E-07
    1.9613568798E-07     9.5130088917E-07
    1.9730316231E-07     2.4008677344E-06
    1.9847063664E-07     5.9386114013E-06
    1.9963811098E-07     1.4238449157E-05
    2.0080558531E-07     3.2854345399E-05
    2.0197305964E-07     7.3046188123E-05
    2.0314053398E-07     1.5665377569E-04
    2.0430800831E-07     3.2390869422E-04
    2.0547548264E-07     6.4530385558E-04
    2.0664295698E-07     1.2381470906E-03
    2.0781043131E-07     2.2867964926E-03
    2.0897790564E-07     4.0628312322E-03
    2.1014537997E-07     6.9374483146E-03
    2.1131285431E-07     1.1373331111E-02
    2.1248032864E-07     1.7878764008E-02
    2.1364780297E-07     2.6906371895E-02
    2.1481527731E-07     3.8686651814E-02
    2.1598275164E-07     5.3005471756E-02
    2.1715022597E-07     6.8965045341E-02
    2.1831770031E-07     8.4803934056E-02
    2.1948517464E-07     9.7879618522E-02
    2.2065264897E-07     1.0491691042E-01
    2.2182012331E-07     1.0257822678E-01
    2.2298759764E-07     8.8312224609E-02
    2.2415507197E-07     6.1304504931E-02
    2.2532254631E-07     2.3234896417E-02
    2.2649002064E-07    -2.1495553492E-02
    2.2765749497E-07    -6.6314053002E-02
    2.2882496931E-07    -1.0381706248E-01
    2.2999244364E-07    -1.2760840897E-01
    2.3115991797E-07    -1.3407649327E-01
    2.3232739231E-07    -1.2347289546E-01
    2.3349486664E-07    -9.9838971052E-02
    2.3466234097E-07    -6.9737572203E-02
    2.3582981531E-07    -4.0221958542E-02
    2.3699728964E-07    -1.6792895530E-02
    2.3816476397E-07    -2.0925413606E-03
    2.3933223830E-07     4.2517518311E-03
    2.4049971264E-07     4.7284779597E-03
    2.4166718697E-07     2.5112263399E-03
    2.4283466130E-07     1.6465562450E-04
    2.4400213564E-07    -1.0268727188E-03
    2.4516960997E-07    -1.0002234868E-03
    2.4633708430E-07    -3.6997508939E-04
    2.4750455864E-07     1.9818263436E-04
    2.4867203297E-07     3.7564884855E-04
    2.4983950730E-07     2.1743979020E-04
    2.5100698164E-07    -2.8567628595E-05
    2.5217445597E-07    -1.5459215692E-04
    2.5334193030E-07    -1.1514810691E-04
    2.5450940464E-07    -3.5936219978E-07
    2.5567687897E-07     7.4398065439E-05
    2.5684435330E-07     6.2373889474E-05
    2.5801182764E-07     8.6902893535E-07
    2.5917930197E-07    -4.2639905952E-05
    2.6034677630E-07    -3.4863566295E-05
    2.6151425064E-07     3.1852913244E-06
    2.6268172497E-07     2.8037020263E-05
    2.6384919930E-07     1.9078095461E-05
    2.6501667363E-07    -6.7921576832E-06
    2.6618414797E-07    -1.9567899730E-05
    2.6735162230E-07    -8.9526522506E-06
    2.6851909663E-07     8.8645830715E-06
    2.6968657097E-07     1.3238060063E-05
    2.7085404530E-07     2.0679270528E-06
    2.7202151963E-07    -9.1827422217E-06
    2.7318899397E-07    -7.7537052240E-06
    2.7435646830E-07     2.3925787566E-06
    2.7552394263E-07     7.8580986816E-06
    2.7669141697E-07     2.9789260223E-06
    2.7785889130E-07    -4.6456577430E-06
    2.7902636563E-07    -5.2943998086E-06
    2.8019383997E-07     7.1235230162E-07
