    1.6678204760E-09     0.0000000000E+00
    3.3356409520E-09     0.0000000000E+00
    5.0034614280E-09     0.0000000000E+00
    6.6712819040E-09     0.0000000000E+00
    8.3391023800E-09     0.0000000000E+00
    1.0006922856E-08     0.0000000000E+00
    1.1674743332E-08     0.0000000000E+00
    1.3342563808E-08     0.0000000000E+00
    1.5010384284E-08     0.0000000000E+00
    1.6678204760E-08     0.0000000000E+00
    1.8346025236E-08     0.0000000000E+00
    2.0013845712E-08     0.0000000000E+00
    2.1681666188E-08     0.0000000000E+00
    2.3349486664E-08     0.0000000000E+00
    2.5017307140E-08     0.0000000000E+00
    2.6685127616E-08     0.0000000000E+00
    2.8352948092E-08     0.0000000000E+00
    3.0020768568E-08     0.0000000000E+00
    3.1688589044E-08     0.0000000000E+00
    3.3356409520E-08     0.0000000000E+00
    3.5024229996E-08     0.0000000000E+00
    3.6692050472E-08     0.0000000000E+00
    3.8359870948E-08     8.1690364859E-17
    4.0027691424E-08    -2.2204460493E-16
    4.1695511900E-08     2.4507109458E-16
    4.3363332376E-08    -1.1102230246E-16
    4.5031152852E-08     1.7256332302E-31
    4.6698973328E-08     2.2204460493E-16
    4.8366793804E-08    -1.6338072972E-16
    5.0034614280E-08     1.1102230246E-16
    5.1702434756E-08     2.4651903288E-32
    5.3370255232E-08     2.4651903288E-32
    5.5038075708E-08     6.5129984968E-33
    5.6705896184E-08     2.4651903288E-32
    5.8373716660E-08     6.5129984968E-33
    6.0041537136E-08     6.5129984968E-33
    6.1709357612E-08     6.5129984968E-33
    6.3377178088E-08     6.5129984968E-33
    6.5044998564E-08     6.5129984968E-33
    6.6712819040E-08     6.5129984968E-33
    6.8380639516E-08     6.5129984968E-33
    7.0048459992E-08     6.5129984968E-33
    7.1716280468E-08     6.5129984968E-33
    7.3384100944E-08     6.5129984968E-33
    7.5051921420E-08     6.5129984968E-33
    7.6719741896E-08     6.5129984968E-33
    7.8387562372E-08     6.5129984968E-33
    8.0055382848E-08     6.5129984968E-33
    8.1723203324E-08     6.5129984968E-33
    8.3391023800E-08     6.5129984968E-33
    8.5058844276E-08     6.5129984968E-33
    8.6726664752E-08     6.5129984968E-33
    8.8394485228E-08     6.5129984968E-33
    9.0062305704E-08     6.5129984968E-33
    9.1730126179E-08     6.5129984968E-33
    9.3397946655E-08     6.5129984968E-33
    9.5065767131E-08     6.5129984968E-33
    9.6733587607E-08     6.5129984968E-33
    9.8401408083E-08     6.5129984968E-33
    1.0006922856E-07     6.5129984968E-33
    1.0173704904E-07     6.5129984968E-33
    1.0340486951E-07     6.5129984968E-33
    1.0507268999E-07     6.5129984968E-33
    1.0674051046E-07     6.5129984968E-33
    1.0840833094E-07     6.5129984968E-33
    1.1007615142E-07     6.5129984968E-33
    1.1174397189E-07     6.5129984968E-33
    1.1341179237E-07     6.5129984968E-33
    1.1507961284E-07     6.5129984968E-33
    1.1674743332E-07     6.5129984968E-33
    1.1841525380E-07     6.5129984968E-33
    1.2008307427E-07     6.5129984968E-33
    1.2175089475E-07     6.5129984968E-33
    1.2341871522E-07     6.5129984968E-33
    1.2508653570E-07     6.5129984968E-33
    1.2675435618E-07     6.5129984968E-33
    1.2842217665E-07     6.5129984968E-33
    1.3008999713E-07     6.5129984968E-33
    1.3175781760E-07     6.5129984968E-33
    1.3342563808E-07     6.5129984968E-33
    1.3509345856E-07     6.5129984968E-33
    1.3676127903E-07     6.5129984968E-33
    1.3842909951E-07     6.5129984968E-33
    1.4009691998E-07     6.5129984968E-33
    1.4176474046E-07     6.5129984968E-33
    1.4343256094E-07     6.5129984968E-33
    1.4510038141E-07     6.5129984968E-33
    1.4676820189E-07     6.5129984968E-33
    1.4843602236E-07     6.5129984968E-33
    1.5010384284E-07     6.5129984968E-33
    1.5177166332E-07     6.5129984968E-33
    1.5343948379E-07     6.5129984968E-33
    1.5510730427E-07     6.5129984968E-33
    1.5677512474E-07     6.5129984968E-33
    1.5844294522E-07     6.5129984968E-33
    1.6011076570E-07     6.5129984968E-33
    1.6177858617E-07     6.5129984968E-33
    1.6344640665E-07     6.5129984968E-33
    1.6511422712E-07     6.5129984968E-33
    1.6678204760E-07     6.5129984968E-33
    1.6844986808E-07     6.5129984968E-33
    1.7011768855E-07     6.5129984968E-33
    1.7178550903E-07     6.5129984968E-33
    1.7345332950E-07     6.5129984968E-33
    1.7512114998E-07     6.5129984968E-33
    1.7678897046E-07     6.5129984968E-33
    1.7845679093E-07     6.5129984968E-33
    1.8012461141E-07     6.5129984968E-33
    1.8179243188E-07     6.5129984968E-33
    1.8346025236E-07     6.5129984968E-33
    1.8512807283E-07     6.5129984968E-33
    1.8679589331E-07     6.5129984968E-33
    1.8846371379E-07     6.5129984968E-33
    1.9013153426E-07     6.5129984968E-33
    1.9179935474E-07     6.5129984968E-33
    1.9346717521E-07     6.5129984968E-33
    1.9513499569E-07     6.5129984968E-33
    1.9680281617E-07     6.5129984968E-33
    1.9847063664E-07     6.5129984968E-33
    2.0013845712E-07     6.5129984968E-33
    2.0180627759E-07     6.5129984968E-33
    2.0347409807E-07     6.5129984968E-33
    2.0514191855E-07     6.5129984968E-33
    2.0680973902E-07     6.5129984968E-33
    2.0847755950E-07     6.5129984968E-33
    2.1014537997E-07     6.5129984968E-33
    2.1181320045E-07     6.5129984968E-33
    2.1348102093E-07     6.5129984968E-33
    2.1514884140E-07     6.5129984968E-33
    2.1681666188E-07     6.5129984968E-33
    2.1848448235E-07     6.5129984968E-33
    2.2015230283E-07     6.5129984968E-33
    2.2182012331E-07     6.5129984968E-33
    2.2348794378E-07     6.5129984968E-33
    2.2515576426E-07     6.5129984968E-33
    2.2682358473E-07     6.5129984968E-33
    2.2849140521E-07     6.5129984968E-33
    2.3015922569E-07     6.5129984968E-33
    2.3182704616E-07     6.5129984968E-33
    2.3349486664E-07     6.5129984968E-33
    2.3516268711E-07     6.5129984968E-33
    2.3683050759E-07     6.5129984968E-33
    2.3849832807E-07     6.5129984968E-33
    2.4016614854E-07     6.5129984968E-33
    2.4183396902E-07     6.5129984968E-33
    2.4350178949E-07     6.5129984968E-33
    2.4516960997E-07     6.5129984968E-33
    2.4683743045E-07     6.5129984968E-33
    2.4850525092E-07     6.5129984968E-33
    2.5017307140E-07     6.5129984968E-33
    2.5184089187E-07     6.5129984968E-33
    2.5350871235E-07     6.5129984968E-33
    2.5517653283E-07     6.5129984968E-33
    2.5684435330E-07     6.5129984968E-33
    2.5851217378E-07     6.5129984968E-33
    2.6017999425E-07     6.5129984968E-33
    2.6184781473E-07     6.5129984968E-33
    2.6351563521E-07     6.5129984968E-33
    2.6518345568E-07     6.5129984968E-33
    2.6685127616E-07     6.5129984968E-33
    2.6851909663E-07     6.5129984968E-33
    2.7018691711E-07     6.5129984968E-33
    2.7185473759E-07     6.5129984968E-33
    2.7352255806E-07     6.5129984968E-33
    2.7519037854E-07     6.5129984968E-33
    2.7685819901E-07     6.5129984968E-33
    2.7852601949E-07     6.5129984968E-33
    2.8019383997E-07     6.5129984968E-33
    2.8186166044E-07     6.5129984968E-33
    2.8352948092E-07     6.5129984968E-33
    2.8519730139E-07     6.5129984968E-33
    2.8686512187E-07     6.5129984968E-33
    2.8853294235E-07     6.5129984968E-33
