    1.3342563808E-09     0.0000000000E+00
    2.6685127616E-09     0.0000000000E+00
    4.0027691424E-09     0.0000000000E+00
    5.3370255232E-09     0.0000000000E+00
    6.6712819040E-09     0.0000000000E+00
    8.0055382848E-09     0.0000000000E+00
    9.3397946655E-09     0.0000000000E+00
    1.0674051046E-08     0.0000000000E+00
    1.2008307427E-08     0.0000000000E+00
    1.3342563808E-08     0.0000000000E+00
    1.4676820189E-08     0.0000000000E+00
    1.6011076570E-08     0.0000000000E+00
    1.7345332950E-08     0.0000000000E+00
    1.8679589331E-08     0.0000000000E+00
    2.0013845712E-08     0.0000000000E+00
    2.1348102093E-08     0.0000000000E+00
    2.2682358473E-08     0.0000000000E+00
    2.4016614854E-08     0.0000000000E+00
    2.5350871235E-08     1.4115574620E-10
    2.6685127616E-08     3.8435020124E-09
    2.8019383997E-08     5.4263675373E-08
    2.9353640377E-08     5.0999703423E-07
    3.0687896758E-08     3.4428694757E-06
    3.2022153139E-08     1.7143027894E-05
    3.3356409520E-08     6.3254724877E-05
    3.4690665901E-08     1.7009144748E-04
    3.6024922281E-08     3.1309319927E-04
    3.7359178662E-08     3.0533951434E-04
    3.8693435043E-08    -1.8201969598E-04
    4.0027691424E-08    -1.1994379772E-03
    4.1361947805E-08    -1.9376186179E-03
    4.2696204185E-08    -1.0709855136E-03
    4.4030460566E-08     1.4666533789E-03
    4.5364716947E-08     3.3655576183E-03
    4.6698973328E-08     2.2425644739E-03
    4.8033229709E-08    -7.2300029250E-04
    4.9367486089E-08    -1.8976138217E-03
    5.0701742470E-08    -7.2264836047E-04
    5.2035998851E-08    -4.4256921992E-04
    5.3370255232E-08    -1.6505069712E-03
    5.4704511612E-08    -6.2792212428E-04
    5.6038767993E-08     2.6755014462E-03
    5.7373024374E-08     2.4855784415E-03
    5.8707280755E-08    -1.9823485354E-03
    6.0041537136E-08    -3.0681970069E-03
    6.1375793516E-08     1.4690221455E-03
    6.2710049897E-08     3.1076477151E-03
    6.4044306278E-08    -1.3049348091E-03
    6.5378562659E-08    -2.9292844999E-03
    6.6712819040E-08     1.3962053113E-03
    6.8047075420E-08     2.6309915014E-03
    6.9381331801E-08    -1.6331575823E-03
    7.0715588182E-08    -2.2282684552E-03
    7.2049844563E-08     1.9208135852E-03
    7.3384100944E-08     1.7188408127E-03
    7.4718357324E-08    -2.1763350871E-03
    7.6052613705E-08    -1.1101210024E-03
    7.7386870086E-08     2.3277062803E-03
    7.8721126467E-08     4.3033251310E-04
    8.0055382848E-08    -2.3177309106E-03
    8.1389639228E-08     2.6941086949E-04
    8.2723895609E-08     2.1113749813E-03
    8.4058151990E-08    -9.1975134504E-04
    8.5392408371E-08    -1.7033381492E-03
    8.6726664752E-08     1.4432333898E-03
    8.8060921132E-08     1.1227555235E-03
    8.9395177513E-08    -1.7682666601E-03
    9.0729433894E-08    -4.3254715703E-04
    9.2063690275E-08     1.8443329424E-03
    9.3397946655E-08    -2.7791235462E-04
    9.4732203036E-08    -1.6551868421E-03
    9.6066459417E-08     9.0655896941E-04
    9.7400715798E-08     1.2267354927E-03
    9.8734972179E-08    -1.3568848578E-03
    1.0006922856E-07    -6.2702294104E-04
    1.0140348494E-07     1.5572602964E-03
    1.0273774132E-07    -4.2750321839E-05
    1.0407199770E-07    -1.4771411451E-03
    1.0540625408E-07     6.6524501388E-04
    1.0674051046E-07     1.1361434711E-03
    1.0807476684E-07    -1.1290726267E-03
    1.0940902322E-07    -6.0317852671E-04
    1.1074327961E-07     1.3514404675E-03
    1.1207753599E-07    -1.5094363704E-05
    1.1341179237E-07    -1.2962344641E-03
    1.1474604875E-07     5.9475999220E-04
    1.1608030513E-07     9.8303428119E-04
    1.1741456151E-07    -1.0200508670E-03
    1.1874881789E-07    -4.8434947729E-04
    1.2008307427E-07     1.2081267985E-03
    1.2141733065E-07    -8.9008048030E-05
    1.2275158703E-07    -1.1274487131E-03
    1.2408584341E-07     6.1164482806E-04
    1.2542009979E-07     8.0514324391E-04
    1.2675435618E-07    -9.7126219087E-04
    1.2808861256E-07    -3.2116378155E-04
    1.2942286894E-07     1.0939168132E-03
    1.3075712532E-07    -2.0984052256E-04
    1.3209138170E-07    -9.6078716200E-04
    1.3342563808E-07     6.6498979111E-04
    1.3475989446E-07     6.1220440514E-04
    1.3609415084E-07    -9.4181661011E-04
    1.3742840722E-07    -1.3769741383E-04
    1.3876266360E-07     9.8219426660E-04
    1.4009691998E-07    -3.4576984000E-04
    1.4143117636E-07    -7.8563953404E-04
    1.4276543274E-07     7.2219296924E-04
    1.4409968913E-07     4.0859905478E-04
    1.4543394551E-07    -9.0460820001E-04
    1.4676820189E-07     5.0213028319E-05
    1.4810245827E-07     8.5587487638E-04
    1.4943671465E-07    -4.7483171349E-04
    1.5077097103E-07    -5.9693046646E-04
    1.5210522741E-07     7.6114284443E-04
    1.5343948379E-07     2.0042896424E-04
    1.5477374017E-07    -8.4270125769E-04
    1.5610799655E-07     2.2859472924E-04
    1.5744225293E-07     7.0669657662E-04
    1.5877650931E-07    -5.8003982525E-04
    1.6011076570E-07    -3.9602147587E-04
    1.6144502208E-07     7.6696000613E-04
    1.6277927846E-07    -2.9964183801E-06
    1.6411353484E-07    -7.4737835088E-04
    1.6544779122E-07     3.8389295314E-04
    1.6678204760E-07     5.3407696028E-04
    1.6811630398E-07    -6.4820389289E-04
    1.6945056036E-07    -1.8992649639E-04
    1.7078481674E-07     7.3099882936E-04
    1.7211907312E-07    -1.8984276076E-04
    1.7345332950E-07    -6.1710699811E-04
    1.7478758588E-07     5.0356736663E-04
    1.7612184226E-07     3.4385800776E-04
    1.7745609865E-07    -6.7026598194E-04
    1.7879035503E-07     1.0196522700E-05
    1.8012461141E-07     6.5068206089E-04
    1.8145886779E-07    -3.4734404217E-04
    1.8279312417E-07    -4.5670327283E-04
    1.8412738055E-07     5.7744643873E-04
    1.8546163693E-07     1.4681183947E-04
    1.8679589331E-07    -6.4204919240E-04
    1.8813014969E-07     1.9096138298E-04
    1.8946440607E-07     5.2937182699E-04
    1.9079866245E-07    -4.6372326864E-04
    1.9213291883E-07    -2.7626372622E-04
    1.9346717521E-07     5.9916989980E-04
    1.9480143160E-07    -4.3165654437E-05
    1.9613568798E-07    -5.6481972250E-04
    1.9746994436E-07     3.3886818961E-04
    1.9880420074E-07     3.7586373823E-04
    2.0013845712E-07    -5.3006639596E-04
    2.0147271350E-07    -8.9693089923E-05
    2.0280696988E-07     5.6731067630E-04
    2.0414122626E-07    -2.1111422879E-04
    2.0547548264E-07    -4.4533682714E-04
    2.0680973902E-07     4.4239054799E-04
    2.0814399540E-07     2.0333939249E-04
    2.0947825178E-07    -5.4185497410E-04
    2.1081250817E-07     8.7153342826E-05
    2.1214676455E-07     4.8591777620E-04
    2.1348102093E-07    -3.4315203425E-04
    2.1481527731E-07    -2.9524938393E-04
    2.1614953369E-07     4.9378937208E-04
    2.1748379007E-07     2.7790476394E-05
    2.1881804645E-07    -4.9992672684E-04
    2.2015230283E-07     2.3855949135E-04
    2.2148655921E-07     3.6434493815E-04
    2.2282081559E-07    -4.2846741432E-04
    2.2415507197E-07    -1.2984475712E-04
    2.2548932835E-07     4.9042086917E-04
    2.2682358473E-07    -1.3394135960E-04
    2.2815784112E-07    -4.1071383778E-04
    2.2949209750E-07     3.5103563933E-04
    2.3082635388E-07     2.1634948106E-04
    2.3216061026E-07    -4.6091169877E-04
    2.3349486664E-07     3.3722573145E-05
    2.3482912302E-07     4.3535928629E-04
    2.3616337940E-07    -2.6627640393E-04
    2.3749763578E-07    -2.8570862647E-04
    2.3883189216E-07     4.1513786728E-04
    2.4016614854E-07     5.8559968627E-05
    2.4150040492E-07    -4.3997908545E-04
    2.4283466130E-07     1.7850234508E-04
    2.4416891769E-07     3.3724068047E-04
    2.4550317407E-07    -3.5688481009E-04
    2.4683743045E-07    -1.4021537079E-04
    2.4817168683E-07     4.2677324066E-04
    2.4950594321E-07    -9.1490888427E-05
    2.5084019959E-07    -3.7103332530E-04
    2.5217445597E-07     2.8984361070E-04
    2.5350871235E-07     2.0933894208E-04
    2.5484296873E-07    -3.9827803874E-04
    2.5617722511E-07     8.4498318764E-06
    2.5751148149E-07     3.8780547188E-04
    2.5884573787E-07    -2.1750276617E-04
    2.6017999425E-07    -2.6474098290E-04
    2.6151425064E-07     3.5722439182E-04
    2.6284850702E-07     6.7992969415E-05
    2.6418276340E-07    -3.8877851246E-04
    2.6551701978E-07     1.4306757214E-04
    2.6685127616E-07     3.0586880292E-04
    2.6818553254E-07    -3.0641823592E-04
    2.6951978892E-07    -1.3578127604E-04
    2.7085404530E-07     3.7555783427E-04
    2.7218830168E-07    -6.9402729743E-05
    2.7352255806E-07    -3.3272539081E-04
    2.7485681444E-07     2.4864088701E-04
    2.7619107082E-07     1.9340781301E-04
    2.7752532720E-07    -3.5002510760E-04
    2.7885958359E-07    -1.0055010141E-06
    2.8019383997E-07     3.4578729004E-04
    2.8152809635E-07    -1.8656741754E-04
    2.8286235273E-07    -2.3988074994E-04
    2.8419660911E-07     3.1424152519E-04
    2.8553086549E-07     6.6070697287E-05
    2.8686512187E-07    -3.4592361009E-04
    2.8819937825E-07     1.2270128413E-04
    2.8953363463E-07     2.7468211629E-04
    2.9086789101E-07    -2.7036195211E-04
    2.9220214739E-07    -1.2411385308E-04
    2.9353640377E-07     3.3431764653E-04
    2.9487066016E-07    -5.9323592189E-05
    2.9620491654E-07    -2.9772045771E-04
    2.9753917292E-07     2.2055980165E-04
    2.9887342930E-07     1.7385941158E-04
    3.0020768568E-07    -3.1239224452E-04
    3.0154194206E-07    -1.5444815236E-06
    3.0287619844E-07     3.0927965544E-04
    3.0421045482E-07    -1.6696235247E-04
    3.0554471120E-07    -2.1442172899E-04
    3.0687896758E-07     2.8173978076E-04
    3.0821322396E-07     5.8167475135E-05
    3.0954748034E-07    -3.0996552912E-04
    3.1088173672E-07     1.1159614869E-04
    3.1221599311E-07     2.4528371695E-04
    3.1355024949E-07    -2.4405743507E-04
    3.1488450587E-07    -1.0911091156E-04
    3.1621876225E-07     3.0065160135E-04
    3.1755301863E-07    -5.6342064671E-05
    3.1888727501E-07    -2.6626922243E-04
    3.2022153139E-07     2.0108825523E-04
    3.2155578777E-07     1.5324725261E-04
    3.2289004415E-07    -2.8242520250E-04
    3.2422430053E-07     2.8995660158E-06
    3.2555855691E-07     2.7751054846E-04
    3.2689281329E-07    -1.5456837740E-04
    3.2822706967E-07    -1.8975367732E-04
    3.2956132606E-07     2.5653492488E-04
    3.3089558244E-07     4.7240347965E-05
    3.3222983882E-07    -2.7941238652E-04
    3.3356409520E-07     1.0618064093E-04
    3.3489835158E-07     2.1810277405E-04
    3.3623260796E-07    -2.2434028653E-04
    3.3756686434E-07    -9.2814076683E-05
    3.3890112072E-07     2.7261331484E-04
    3.4023537710E-07    -5.7514724937E-05
    3.4156963348E-07    -2.3804719155E-04
    3.4290388986E-07     1.8726433173E-04
    3.4423814624E-07     1.3279682084E-04
    3.4557240263E-07    -2.5794591175E-04
    3.4690665901E-07     1.0033832893E-05
    3.4824091539E-07     2.4959925343E-04
    3.4957517177E-07    -1.4674977182E-04
    3.5090942815E-07    -1.6640708499E-04
    3.5224368453E-07     2.3639643384E-04
    3.5357794091E-07     3.4952141932E-05
    3.5491219729E-07    -2.5300650044E-04
    3.5624645367E-07     1.0421915473E-04
    3.5758071005E-07     1.9310494014E-04
    3.5891496643E-07    -2.0906491441E-04
    3.6024922281E-07    -7.6307123885E-05
    3.6158347919E-07     2.4872408362E-04
    3.6291773558E-07    -6.1039442339E-05
    3.6425199196E-07    -2.1258473119E-04
    3.6558624834E-07     1.7712644457E-04
    3.6692050472E-07     1.1308326820E-04
    3.6825476110E-07    -2.3738488728E-04
    3.6958901748E-07     1.8491270086E-05
    3.7092327386E-07     2.2476293226E-04
    3.7225753024E-07    -1.4179430762E-04
    3.7359178662E-07    -1.4452958560E-04
    3.7492604300E-07     2.1976821290E-04
    3.7626029938E-07     2.2256935859E-05
    3.7759455576E-07    -2.2976186435E-04
    3.7892881215E-07     1.0428554552E-04
    3.8026306853E-07     1.7009514840E-04
    3.8159732491E-07    -1.9676780254E-04
    3.8293158129E-07    -6.0169903697E-05
    3.8426583767E-07     2.2788999339E-04
    3.8560009405E-07    -6.5789445087E-05
    3.8693435043E-07    -1.8942730557E-04
    3.8826860681E-07     1.6935992321E-04
    3.8960286319E-07     9.4361532480E-05
    3.9093711957E-07    -2.1961952201E-04
    3.9227137595E-07     2.7439340281E-05
    3.9360563233E-07     2.0236538207E-04
    3.9493988871E-07    -1.3857217170E-04
    3.9627414510E-07    -1.2410607290E-04
    3.9760840148E-07     2.0556197606E-04
    3.9894265786E-07     9.7119633147E-06
    4.0027691424E-07    -2.0893037781E-04
    4.0161117062E-07     1.0545359286E-04
    4.0294542700E-07     1.4884464264E-04
    4.0427968338E-07    -1.8644246529E-04
    4.0561393976E-07    -4.4712923983E-05
    4.0694819614E-07     2.0931121122E-04
    4.0828245252E-07    -7.1046634300E-05
    4.0961670890E-07    -1.6818731666E-04
    4.1095096528E-07     1.6307326883E-04
    4.1228522166E-07     7.6730027964E-05
    4.1361947805E-07    -2.0384807360E-04
    4.1495373443E-07     3.6361386863E-05
    4.1628799081E-07     1.8191109544E-04
    4.1762224719E-07    -1.3632735932E-04
    4.1895650357E-07    -1.0506053345E-04
    4.2029075995E-07     1.9301347077E-04
    4.2162501633E-07    -2.3524848182E-06
    4.2295927271E-07    -1.8995410801E-04
    4.2429352909E-07     1.0711243523E-04
    4.2562778547E-07     1.2914122446E-04
    4.2696204185E-07    -1.7739153067E-04
    4.2829629823E-07    -3.0101037488E-05
    4.2963055462E-07     1.9240645231E-04
    4.3096481100E-07    -7.6345981294E-05
    4.3229906738E-07    -1.4855327808E-04
    4.3363332376E-07     1.5765614707E-04
    4.3496758014E-07     6.0212712705E-05
    4.3630183652E-07    -1.8949811117E-04
    4.3763609290E-07     4.4931820581E-05
    4.3897034928E-07     1.6302341582E-04
    4.4030460566E-07    -1.3454851329E-04
    4.4163886204E-07    -8.7302287959E-05
    4.4297311842E-07     1.8158440879E-04
    4.4430737480E-07    -1.3738564226E-05
    4.4564163118E-07    -1.7242158267E-04
    4.4697588757E-07     1.0885451919E-04
    4.4831014395E-07     1.1080574196E-04
    4.4964440033E-07    -1.6913049214E-04
    4.5097865671E-07    -1.6423626731E-05
    4.5231291309E-07     1.7674089823E-04
    4.5364716947E-07    -8.1433476591E-05
    4.5498142585E-07    -1.3045084905E-04
    4.5631568223E-07     1.5216339854E-04
    4.5764993861E-07     4.3242782659E-05
    4.5898419499E-07    -1.8053605569E-04
    4.6031845137E-07     4.1317607379E-05
    4.6165270775E-07     1.1620100658E-04
    4.6298696414E-07    -2.0227629415E-04
    4.6432122052E-07    -2.2622819281E-04
    4.6565547690E-07    -1.5725235653E-04
    4.6698973328E-07    -6.7502160162E-04
    4.6832398966E-07    -1.3641801665E-03
    4.6965824604E-07    -1.9799552393E-03
    4.7099250242E-07    -3.2534037229E-03
    4.7232675880E-07    -5.0687683496E-03
    4.7366101518E-07    -6.4773317770E-03
    4.7499527156E-07    -7.2707686096E-03
    4.7632952794E-07    -6.9573243631E-03
    4.7766378432E-07    -3.9068835214E-03
    4.7899804070E-07     2.5451809460E-03
    4.8033229709E-07     1.1276397349E-02
    4.8166655347E-07     2.0555177530E-02
    4.8300080985E-07     2.7339903435E-02
    4.8433506623E-07     2.7090879622E-02
    4.8566932261E-07     1.7241371839E-02
    4.8700357899E-07    -2.4732329175E-04
    4.8833783537E-07    -1.9777024160E-02
    4.8967209175E-07    -3.3349743207E-02
    4.9100634813E-07    -3.3377078094E-02
    4.9234060451E-07    -1.8620993566E-02
    4.9367486089E-07     3.2355123559E-03
    4.9500911727E-07     2.0375476019E-02
    4.9634337365E-07     2.3763619352E-02
    4.9767763004E-07     1.2263194508E-02
    4.9901188642E-07    -5.4058035178E-03
    5.0034614280E-07    -1.6122714810E-02
    5.0168039918E-07    -1.3218578915E-02
    5.0301465556E-07    -1.3289068135E-03
    5.0434891194E-07     9.0782987783E-03
    5.0568316832E-07     1.0273834808E-02
    5.0701742470E-07     2.7335168002E-03
    5.0835168108E-07    -5.5103703164E-03
    5.0968593746E-07    -6.8407357386E-03
    5.1102019384E-07    -1.7781083930E-03
    5.1235445022E-07     3.2547089210E-03
    5.1368870661E-07     3.9483586130E-03
    5.1502296299E-07     1.1351117771E-03
    5.1635721937E-07    -1.8127171496E-03
    5.1769147575E-07    -2.2946333288E-03
    5.1902573213E-07    -6.2765816659E-04
    5.2035998851E-07     8.2649599438E-04
    5.2169424489E-07     1.0626720462E-03
    5.2302850127E-07     8.6690102464E-04
    5.2436275765E-07     2.0258639959E-04
    5.2569701403E-07    -1.2088630382E-03
    5.2703127041E-07    -1.6684276512E-03
    5.2836552679E-07     1.5432659754E-04
    5.2969978317E-07     2.1392246003E-03
    5.3103403956E-07     1.4171328361E-03
    5.3236829594E-07    -1.3263233810E-03
    5.3370255232E-07    -2.5543929757E-03
    5.3503680870E-07    -3.2034880828E-04
    5.3637106508E-07     2.7381350075E-03
    5.3770532146E-07     2.0730458793E-03
    5.3903957784E-07    -1.9593016550E-03
    5.4037383422E-07    -3.3166874430E-03
    5.4170809060E-07     5.4743776872E-04
    5.4304234698E-07     3.7349421734E-03
    5.4437660336E-07     1.0573549590E-03
    5.4571085974E-07    -3.3156664326E-03
    5.4704511612E-07    -2.4743965123E-03
    5.4837937251E-07     2.2571970431E-03
    5.4971362889E-07     3.4623425567E-03
    5.5104788527E-07    -8.5039489700E-04
    5.5238214165E-07    -3.9260857260E-03
    5.5371639803E-07    -6.1852505147E-04
    5.5505065441E-07     3.8835420377E-03
    5.5638491079E-07     1.9276661197E-03
    5.5771916717E-07    -3.4210706584E-03
    5.5905342355E-07    -2.9429340400E-03
    5.6038767993E-07     2.6548549252E-03
    5.6172193631E-07     3.6147318928E-03
    5.6305619269E-07    -1.7046986778E-03
    5.6439044908E-07    -3.9589063851E-03
    5.6572470546E-07     6.7955478892E-04
    5.6705896184E-07     4.0315024078E-03
    5.6839321822E-07     3.2902344033E-04
    5.6972747460E-07    -3.9043727105E-03
    5.7106173098E-07    -1.2494970059E-03
    5.7239598736E-07     3.6461248732E-03
    5.7373024374E-07     2.0316328379E-03
    5.7506450012E-07    -3.3105799834E-03
    5.7639875650E-07    -2.6473417879E-03
    5.7773301288E-07     2.9329385483E-03
    5.7906726926E-07     3.0906245745E-03
    5.8040152564E-07    -2.5322674582E-03
    5.8173578203E-07    -3.3756784442E-03
    5.8307003841E-07     2.1178605798E-03
    5.8440429479E-07     3.5324989855E-03
    5.8573855117E-07    -1.6966122008E-03
    5.8707280755E-07    -3.6001104189E-03
    5.8840706393E-07     1.2788231840E-03
    5.8974132031E-07     3.6184725085E-03
    5.9107557669E-07    -8.8073784366E-04
    5.9240983307E-07    -3.6207544750E-03
    5.9374408945E-07     5.2334038078E-04
    5.9507834583E-07     3.6277771960E-03
    5.9641260221E-07    -2.2818315214E-04
    5.9774685860E-07    -3.6459442923E-03
    5.9908111498E-07     1.1932545084E-05
    6.0041537136E-07     3.6690536709E-03
    6.0174962774E-07     1.1834160355E-04
