    9.6291660077E-10     0.0000000000E+00
    1.9258332015E-09     0.0000000000E+00
    2.8887498023E-09     0.0000000000E+00
    3.8516664031E-09     0.0000000000E+00
    4.8145830039E-09     0.0000000000E+00
    5.7774996046E-09     0.0000000000E+00
    6.7404162054E-09     0.0000000000E+00
    7.7033328062E-09     0.0000000000E+00
    8.6662494070E-09     0.0000000000E+00
    9.6291660077E-09     0.0000000000E+00
    1.0592082609E-08     0.0000000000E+00
    1.1554999209E-08     0.0000000000E+00
    1.2517915810E-08     0.0000000000E+00
    1.3480832411E-08     0.0000000000E+00
    1.4443749012E-08     0.0000000000E+00
    1.5406665612E-08     0.0000000000E+00
    1.6369582213E-08     0.0000000000E+00
    1.7332498814E-08     0.0000000000E+00
    1.8295415415E-08    -1.8064909958E-15
    1.9258332015E-08    -4.2868129145E-14
    2.0221248616E-08    -5.0699891325E-13
    2.1184165217E-08    -3.9749210161E-12
    2.2147081818E-08    -2.3175919192E-11
    2.3109998419E-08    -1.0683979008E-10
    2.4072915019E-08    -4.0402223366E-10
    2.5035831620E-08    -1.2825424293E-09
    2.5998748221E-08    -3.4649808986E-09
    2.6961664822E-08    -8.0131071470E-09
    2.7924581422E-08    -1.5806287394E-08
    2.8887498023E-08    -2.6082434292E-08
    2.9850414624E-08    -3.3914701105E-08
    3.0813331225E-08    -2.7337013779E-08
    3.1776247826E-08     1.4142570094E-08
    3.2739164426E-08     1.1769586793E-07
    3.3702081027E-08     3.1175183068E-07
    3.4664997628E-08     6.2022554611E-07
    3.5627914229E-08     1.0625297357E-06
    3.6590830829E-08     1.6641985315E-06
    3.7553747430E-08     2.4757631039E-06
    3.8516664031E-08     3.5879737578E-06
    3.9479580632E-08     5.1276327039E-06
    4.0442497232E-08     7.2264490747E-06
    4.1405413833E-08     9.9721827627E-06
    4.2368330434E-08     1.3363395433E-05
    4.3331247035E-08     1.7283267133E-05
    4.4294163636E-08     2.1486217737E-05
    4.5257080236E-08     2.5574067449E-05
    4.6219996837E-08     2.8948639966E-05
    4.7182913438E-08     3.0764487640E-05
    4.8145830039E-08     2.9937992038E-05
    4.9108746639E-08     2.5261243017E-05
    5.0071663240E-08     1.5617442811E-05
    5.1034579841E-08     2.4004662449E-07
    5.1997496442E-08    -2.1050173515E-05
    5.2960413043E-08    -4.7653278516E-05
    5.3923329643E-08    -7.8027346837E-05
    5.4886246244E-08    -1.0956203398E-04
    5.5849162845E-08    -1.3857504400E-04
    5.6812079446E-08    -1.6056878381E-04
    5.7774996046E-08    -1.7082380742E-04
    5.8737912647E-08    -1.6524719062E-04
    5.9700829248E-08    -1.4125382971E-04
    6.0663745849E-08    -9.8448930579E-05
    6.1626662449E-08    -3.8992483553E-05
    6.2589579050E-08     3.2362710966E-05
    6.3552495651E-08     1.0856411182E-04
    6.4515412252E-08     1.8095375015E-04
    6.5478328853E-08     2.4042180128E-04
    6.6441245453E-08     2.7890487480E-04
    6.7404162054E-08     2.9089593546E-04
    6.8367078655E-08     2.7462838239E-04
    6.9329995256E-08     2.3303176148E-04
    7.0292911856E-08     1.7545946995E-04
    7.1255828457E-08     1.2221354471E-04
    7.2218745058E-08     1.1393036327E-04
    7.3181661659E-08     2.2476770382E-04
    7.4144578260E-08     5.6993549768E-04
    7.5107494860E-08     1.2863356778E-03
    7.6070411461E-08     2.4607285965E-03
    7.7033328062E-08     4.0011541751E-03
    7.7996244663E-08     5.5040298687E-03
    7.8959161263E-08     6.2367962711E-03
    7.9922077864E-08     5.3659767295E-03
    8.0884994465E-08     2.4419974753E-03
    8.1847911066E-08    -2.0815339804E-03
    8.2810827666E-08    -6.7065320998E-03
    8.3773744267E-08    -9.4522094011E-03
    8.4736660868E-08    -8.9886974288E-03
    8.5699577469E-08    -5.6391685280E-03
    8.6662494070E-08    -1.3824331282E-03
    8.7625410670E-08     1.4116137215E-03
    8.8588327271E-08     1.7064274775E-03
    8.9551243872E-08     5.4519157716E-04
    9.0514160473E-08    -6.5873043549E-06
    9.1477077073E-08     1.0546718561E-03
    9.2439993674E-08     2.5243932639E-03
    9.3402910275E-08     2.1378493557E-03
    9.4365826876E-08    -8.3878555227E-04
    9.5328743477E-08    -4.2017065098E-03
    9.6291660077E-08    -4.4737200984E-03
    9.7254576678E-08    -4.8960525178E-04
    9.8217493279E-08     4.6942014688E-03
    9.9180409880E-08     6.1043916172E-03
    1.0014332648E-07     1.7468261871E-03
    1.0110624308E-07    -4.7579167689E-03
    1.0206915968E-07    -7.0975550792E-03
    1.0303207628E-07    -2.5166197742E-03
    1.0399499288E-07     4.8665587813E-03
    1.0495790948E-07     7.6666631911E-03
    1.0592082609E-07     2.7221944757E-03
    1.0688374269E-07    -5.2075633597E-03
    1.0784665929E-07    -7.9360697877E-03
    1.0880957589E-07    -2.3902522726E-03
    1.0977249249E-07     5.7935445732E-03
    1.1073540909E-07     7.9258726182E-03
    1.1169832569E-07     1.5728322061E-03
    1.1266124229E-07    -6.5388202412E-03
    1.1362415889E-07    -7.5902949780E-03
    1.1458707549E-07    -3.3890585357E-04
    1.1554999209E-07     7.3008418243E-03
    1.1651290869E-07     6.8609893967E-03
    1.1747582529E-07    -1.2129656093E-03
    1.1843874190E-07    -7.9063393719E-03
    1.1940165850E-07    -5.6851847289E-03
    1.2036457510E-07     2.9425555833E-03
    1.2132749170E-07     8.1754738080E-03
    1.2229040830E-07     4.0567973873E-03
    1.2325332490E-07    -4.6657285284E-03
    1.2421624150E-07    -7.9492157270E-03
    1.2517915810E-07    -2.0384388044E-03
    1.2614207470E-07     6.1655979213E-03
    1.2710499130E-07     7.1193190969E-03
    1.2806790790E-07    -2.2887351788E-04
    1.2903082450E-07    -7.2170763622E-03
    1.2999374110E-07    -5.6565033661E-03
    1.3095665771E-07     2.5314004141E-03
    1.3191957431E-07     7.6216625918E-03
    1.3288249091E-07     3.6305485019E-03
    1.3384540751E-07    -4.6051648486E-03
    1.3480832411E-07    -7.2464469743E-03
    1.3577124071E-07    -1.2159504165E-03
    1.3673415731E-07     6.1736559769E-03
    1.3769707391E-07     6.0592384986E-03
    1.3865999051E-07    -1.3214147657E-03
    1.3962290711E-07    -6.9956044500E-03
    1.4058582371E-07    -4.1510764751E-03
    1.4154874031E-07     3.6577549304E-03
    1.4251165691E-07     6.9144511880E-03
    1.4347457352E-07     1.7386659991E-03
    1.4443749012E-07    -5.4616782802E-03
    1.4540040672E-07    -5.8992097110E-03
    1.4636332332E-07     8.5745479430E-04
    1.4732623992E-07     6.4536214043E-03
    1.4828915652E-07     4.0665773104E-03
    1.4925207312E-07    -3.2583791256E-03
    1.5021498972E-07    -6.4632519352E-03
    1.5117790632E-07    -1.6767319388E-03
    1.5214082292E-07     5.0898228547E-03
    1.5310373952E-07     5.4724051942E-03
    1.5406665612E-07    -8.9996848031E-04
    1.5502957272E-07    -6.0516710620E-03
    1.5599248933E-07    -3.6325569434E-03
    1.5695540593E-07     3.2420219080E-03
    1.5791832253E-07     5.9801259306E-03
    1.5888123913E-07     1.2500744909E-03
    1.5984415573E-07    -4.9519853716E-03
    1.6080707233E-07    -4.8883974739E-03
    1.6176998893E-07     1.2611241826E-03
    1.6273290553E-07     5.7335173835E-03
    1.6369582213E-07     2.9750560697E-03
    1.6465873873E-07    -3.4526169512E-03
    1.6562165533E-07    -5.4539552994E-03
    1.6658457193E-07    -5.9525685292E-04
    1.6754748853E-07     4.9268736691E-03
    1.6851040514E-07     4.1777370285E-03
    1.6947332174E-07    -1.8020902173E-03
    1.7043623834E-07    -5.4176167769E-03
    1.7139915494E-07    -2.1611825469E-03
    1.7236207154E-07     3.7602053244E-03
    1.7332498814E-07     4.8474001740E-03
    1.7428790474E-07    -1.9294223320E-04
    1.7525082134E-07    -4.9062980919E-03
    1.7621373794E-07    -3.3484089016E-03
    1.7717665454E-07     2.4136996836E-03
    1.7813957114E-07     5.0297182339E-03
    1.7910248774E-07     1.2398061377E-03
    1.8006540434E-07    -4.0577721376E-03
    1.8102832095E-07    -4.1285144380E-03
    1.8199123755E-07     1.0356142123E-03
    1.8295415415E-07     4.8025198494E-03
    1.8391707075E-07     2.4126332190E-03
    1.8487998735E-07    -3.0032818422E-03
    1.8584290395E-07    -4.5155464333E-03
    1.8680582055E-07    -2.6125908217E-04
    1.8776873715E-07     4.2578700833E-03
    1.8873165375E-07     3.2843545829E-03
    1.8969457035E-07    -1.8578030897E-03
    1.9065748695E-07    -4.5511360361E-03
    1.9162040355E-07    -1.3981241770E-03
    1.9258332015E-07     3.4897148326E-03
    1.9354623676E-07     3.8463535647E-03
    1.9450915336E-07    -7.1560235427E-04
    1.9547206996E-07    -4.2926674756E-03
    1.9643498656E-07    -2.3261204995E-03
    1.9739790316E-07     2.5859678235E-03
    1.9836081976E-07     4.1135273239E-03
    1.9932373636E-07     3.5076508937E-04
    2.0028665296E-07    -3.8043994893E-03
    2.0124956956E-07    -3.0212048488E-03
    2.0221248616E-07     1.6239258854E-03
    2.0317540276E-07     4.1165319361E-03
    2.0413831936E-07     1.2893725779E-03
    2.0510123596E-07    -3.1511408965E-03
    2.0606415257E-07    -3.4788898432E-03
    2.0702706917E-07     6.6805716710E-04
    2.0798998577E-07     3.8954878161E-03
    2.0895290237E-07     2.0666962543E-03
    2.0991581897E-07    -2.3939962041E-03
    2.1087873557E-07    -3.7093411923E-03
    2.1184165217E-07    -2.3059487428E-04
    2.1280456877E-07     3.4950844288E-03
    2.1376748537E-07     2.6648705278E-03
    2.1473040197E-07    -1.5877145283E-03
    2.1569331857E-07    -3.7330749572E-03
    2.1665623517E-07    -1.0339622068E-03
    2.1761915177E-07     2.9609205316E-03
    2.1858206838E-07     3.0788205852E-03
    2.1954498498E-07    -7.7923627128E-04
    2.2050790158E-07    -3.5773379856E-03
    2.2147081818E-07    -1.7158716848E-03
    2.2243373478E-07     2.3368814818E-03
    2.2339665138E-07     3.3135090398E-03
    2.2435956798E-07    -7.1055049535E-06
    2.2532248458E-07    -3.2731644956E-03
    2.2628540118E-07    -2.2606242703E-03
    2.2724831778E-07     1.6633565965E-03
    2.2821123438E-07     3.3814272998E-03
    2.2917415098E-07     6.9851334031E-04
    2.3013706758E-07    -2.8530545044E-03
    2.3109998419E-07    -2.6614323715E-03
    2.3206290079E-07     9.7611831817E-04
    2.3302581739E-07     3.3003930316E-03
    2.3398873399E-07     1.3154144508E-03
    2.3495165059E-07    -2.3491987584E-03
    2.3591456719E-07    -2.9188458866E-03
    2.3687748379E-07     3.0571031173E-04
    2.3784040039E-07     3.0916717174E-03
    2.3880331699E-07     1.8286747427E-03
    2.3976623359E-07    -1.7921691429E-03
    2.4072915019E-07    -3.0392491885E-03
    2.4169206679E-07    -3.2278215729E-04
    2.4265498339E-07     2.7784143754E-03
    2.4361790000E-07     2.2298325707E-03
    2.4458081660E-07    -1.2099963369E-03
    2.4554373320E-07    -3.0334775037E-03
    2.4650664980E-07    -8.8968195790E-04
    2.4746956640E-07     2.3843890604E-03
    2.4843248300E-07     2.5159995686E-03
    2.4939539960E-07    -6.2756349426E-04
    2.5035831620E-07    -2.9155780531E-03
    2.5132123280E-07    -1.3804712242E-03
    2.5228414940E-07     1.9329766860E-03
    2.5324706600E-07     2.6889607204E-03
    2.5420998260E-07    -6.6253444853E-05
    2.5517289920E-07    -2.7017259066E-03
    2.5613581581E-07    -1.7854074586E-03
    2.5709873241E-07     1.4463992277E-03
    2.5806164901E-07     2.7543002611E-03
    2.5902456561E-07     4.5620411507E-04
    2.5998748221E-07    -2.4092945053E-03
    2.6095039881E-07    -2.0990537055E-03
    2.6191331541E-07     9.4514861512E-04
    2.6287623201E-07     2.7205781152E-03
    2.6383914861E-07     9.2573050589E-04
    2.6480206521E-07    -2.0560745751E-03
    2.6576498181E-07    -2.3197602628E-03
    2.6672789841E-07     4.4758641818E-04
    2.6769081501E-07     2.5985721964E-03
    2.6865373162E-07     1.3317784742E-03
    2.6961664822E-07    -1.6596315020E-03
    2.7057956482E-07    -2.4491261673E-03
    2.7154248142E-07    -3.0313009156E-05
    2.7250539802E-07     2.4005951407E-03
    2.7346831462E-07     1.6671259589E-03
    2.7443123122E-07    -1.2367893128E-03
    2.7539414782E-07    -2.4914614401E-03
    2.7635706442E-07    -4.7510040611E-04
    2.7731998102E-07     2.1398892549E-03
    2.7828289762E-07     1.9276083950E-03
    2.7924581422E-07    -8.0322862202E-04
    2.8020873083E-07    -2.4532654208E-03
    2.8117164743E-07    -8.7589210925E-04
    2.8213456403E-07     1.8301001103E-03
    2.8309748063E-07     2.1118099813E-03
    2.8406039723E-07    -3.7318584758E-04
    2.8502331383E-07    -2.3427321301E-03
    2.8598623043E-07    -1.2243320621E-03
    2.8694914703E-07     1.4848269118E-03
    2.8791206363E-07     2.2207303828E-03
    2.8887498023E-07     4.0758608924E-05
    2.8983789683E-07    -2.1692902064E-03
    2.9080081343E-07    -1.5144917034E-03
    2.9176373003E-07     1.1172462320E-03
    2.9272664664E-07     2.2574400530E-03
    2.9368956324E-07     4.2781486998E-04
    2.9465247984E-07    -1.9431823502E-03
    2.9561539644E-07    -1.7427218549E-03
    2.9657831304E-07     7.3980470908E-04
    2.9754122964E-07     2.2267346594E-03
    2.9850414624E-07     7.7905164016E-04
    2.9946706284E-07    -1.6750872029E-03
    3.0042997944E-07    -1.9074687352E-03
    3.0139289604E-07     3.6397570323E-04
    3.0235581264E-07     2.1347968606E-03
    3.0331872924E-07     1.0874078316E-03
    3.0428164584E-07    -1.3757850450E-03
    3.0524456245E-07    -2.0090644664E-03
    3.0620747905E-07     7.4579769599E-08
    3.0717039565E-07     1.9888718451E-03
    3.0813331225E-07     1.3476569216E-03
    3.0909622885E-07    -1.0558675225E-03
    3.1005914545E-07    -2.0495009121E-03
    3.1102206205E-07    -3.4287284738E-04
    3.1198497865E-07     1.7969615260E-03
    3.1294789525E-07     1.5563323778E-03
    3.1391081185E-07    -7.2549071083E-04
    3.1487372845E-07    -2.0321943358E-03
    3.1583664505E-07    -6.5721417617E-04
    3.1679956165E-07     1.5675410251E-03
    3.1776247826E-07     1.7116216960E-03
    3.1872539486E-07    -3.9417014367E-04
    3.1968831146E-07    -1.9617472049E-03
    3.2065122806E-07    -9.3671195198E-04
    3.2161414466E-07     1.3093000412E-03
    3.2257706126E-07     1.8132358515E-03
    3.2353997786E-07    -7.0615917040E-05
    3.2450289446E-07    -1.8437124348E-03
    3.2546581106E-07    -1.1765480910E-03
    3.2642872766E-07     1.0309108273E-03
    3.2739164426E-07     1.8622602715E-03
    3.2835456086E-07     2.3739440286E-04
    3.2931747746E-07    -1.6843644733E-03
    3.3028039407E-07    -1.3732962029E-03
    3.3124331067E-07     7.4082377371E-04
    3.3220622727E-07     1.8609927855E-03
    3.3316914387E-07     5.2310762343E-04
    3.3413206047E-07    -1.4904808282E-03
    3.3509497707E-07    -1.5248665942E-03
    3.3605789367E-07     4.4709099021E-04
    3.3702081027E-07     1.8127734123E-03
    3.3798372687E-07     7.8085427495E-04
    3.3894664347E-07    -1.2691369455E-03
    3.3990956007E-07    -1.6304284812E-03
    3.4087247667E-07     1.5721776602E-04
    3.4183539327E-07     1.7218102774E-03
    3.4279830988E-07     1.0060783533E-03
    3.4376122648E-07    -1.0275167217E-03
    3.4472414308E-07    -1.6903136794E-03
    3.4568705968E-07    -1.2195863937E-04
    3.4664997628E-07     1.5930054319E-03
    3.4761289288E-07     1.1953404238E-03
    3.4857580948E-07    -7.7274038189E-04
    3.4953872608E-07    -1.7059057625E-03
    3.5050164268E-07    -3.8436378033E-04
    3.5146455928E-07     1.4317838574E-03
    3.5242747588E-07     1.3462970881E-03
    3.5339039248E-07    -5.1171096160E-04
    3.5435330908E-07    -1.6795184029E-03
    3.5531622569E-07    -6.2475558844E-04
    3.5627914229E-07     1.2439284781E-03
    3.5724205889E-07     1.4576598138E-03
    3.5820497549E-07    -2.5098019163E-04
    3.5916789209E-07    -1.6142663267E-03
    3.6013080869E-07    -8.3877016451E-04
    3.6109372529E-07     1.0354235761E-03
    3.6205664189E-07     1.5291360885E-03
    3.6301955849E-07     3.3658102694E-06
    3.6398247509E-07    -1.5139320267E-03
    3.6494539169E-07    -1.0229454479E-03
    3.6590830829E-07     8.1230859942E-04
    3.6687122489E-07     1.5613557987E-03
    3.6783414150E-07     2.4580098519E-04
    3.6879705810E-07    -1.3828310943E-03
    3.6975997470E-07    -1.1747245693E-03
    3.7072289130E-07     5.8054397632E-04
    3.7168580790E-07     1.5557856420E-03
    3.7264872450E-07     4.7143417280E-04
    3.7361164110E-07    -1.2256787427E-03
    3.7457455770E-07    -1.2924408117E-03
    3.7553747430E-07     3.4589019241E-04
    3.7650039090E-07     1.5146342705E-03
    3.7746330750E-07     6.7606487491E-04
    3.7842622410E-07    -1.0474598130E-03
    3.7938914070E-07    -1.3752861909E-03
    3.8035205731E-07     1.1380105786E-04
    3.8131497391E-07     1.4407507361E-03
    3.8227789051E-07     8.5622071292E-04
    3.8324080711E-07    -8.5330426878E-04
    3.8420372371E-07    -1.4232657175E-03
    3.8516664031E-07    -1.1066821850E-04
    3.8612955691E-07     1.3375186561E-03
    3.8709247351E-07     1.0091775559E-03
    3.8805539011E-07    -6.4836991358E-04
    3.8901830671E-07    -1.4371394286E-03
    3.8998122331E-07    -3.2293781660E-04
    3.9094413991E-07     1.2087483602E-03
    3.9190705651E-07     1.1329634715E-03
    3.9286997312E-07    -4.3773378777E-04
    3.9383288972E-07    -1.4183542707E-03
    3.9479580632E-07    -5.1896488699E-04
    3.9575872292E-07     1.0585691045E-03
    3.9672163952E-07     1.2263477992E-03
    3.9768455612E-07    -2.2629344139E-04
    3.9864747272E-07    -1.3689678900E-03
    3.9961038932E-07    -6.9529010045E-04
    4.0057330592E-07     8.9132325182E-04
    4.0153622252E-07     1.2888167585E-03
    4.0249913912E-07    -1.8679020074E-05
    4.0346205572E-07    -1.2915663324E-03
    4.0442497232E-07    -8.4906955740E-04
    4.0538788893E-07     7.1146412979E-04
    4.0635080553E-07     1.3205371003E-03
    4.0731372213E-07     1.8082314446E-04
    4.0827663873E-07    -1.1891775830E-03
    4.0923955533E-07    -9.7809264400E-04
    4.1020247193E-07     5.2345907512E-04
    4.1116538853E-07     1.3223093651E-03
    4.1212830513E-07     3.6833498363E-04
    4.1309122173E-07    -1.0651827847E-03
    4.1405413833E-07    -1.0807865939E-03
    4.1501705493E-07     3.3169897436E-04
    4.1597997153E-07     1.2955123562E-03
    4.1694288813E-07     5.4043894825E-04
    4.1790580474E-07    -9.2322686652E-04
    4.1886872134E-07    -1.1562086636E-03
    4.1983163794E-07     1.4041540597E-04
    4.2079455454E-07     1.2420404445E-03
    4.2175747114E-07     6.9421804805E-04
    4.2272038774E-07    -7.6713018870E-04
    4.2368330434E-07    -1.2040269536E-03
    4.2464622094E-07    -4.6393713604E-05
    4.2560913754E-07     1.1642353155E-03
    4.2657205414E-07     8.2728384467E-04
    4.2753497074E-07    -6.0080267752E-04
    4.2849788734E-07    -1.2244910128E-03
    4.2946080394E-07    -2.2502927745E-04
    4.3042372055E-07     1.0648137390E-03
    4.3138663715E-07     9.3779274594E-04
    4.3234955375E-07    -4.2816177597E-04
    4.3331247035E-07    -1.2183934393E-03
    4.3427538695E-07    -3.9214642283E-04
    4.3523830355E-07     9.4679288998E-04
    4.3620122015E-07     1.0244511096E-03
    4.3716413675E-07    -2.5305538355E-04
    4.3812705335E-07    -1.1870237526E-03
    4.3908996995E-07    -5.4479993591E-04
    4.4005288655E-07     8.1341468476E-04
    4.4101580315E-07     1.0865098052E-03
    4.4197871975E-07    -7.9190802397E-05
    4.4294163636E-07    -1.1321158527E-03
    4.4390455296E-07    -6.8047950656E-04
    4.4486746956E-07     6.6807047902E-04
    4.4583038616E-07     1.1237489473E-03
    4.4679330276E-07     8.9929342841E-05
    4.4775621936E-07    -1.0557906124E-03
    4.4871913596E-07    -7.9713528074E-04
