    8.3391023800E-10     0.0000000000E+00
    1.6678204760E-09     0.0000000000E+00
    2.5017307140E-09     0.0000000000E+00
    3.3356409520E-09     0.0000000000E+00
    4.1695511900E-09     0.0000000000E+00
    5.0034614280E-09     0.0000000000E+00
    5.8373716660E-09     0.0000000000E+00
    6.6712819040E-09     0.0000000000E+00
    7.5051921420E-09     0.0000000000E+00
    8.3391023800E-09     0.0000000000E+00
    9.1730126179E-09     0.0000000000E+00
    1.0006922856E-08     0.0000000000E+00
    1.0840833094E-08     0.0000000000E+00
    1.1674743332E-08     0.0000000000E+00
    1.2508653570E-08     0.0000000000E+00
    1.3342563808E-08     0.0000000000E+00
    1.4176474046E-08     0.0000000000E+00
    1.5010384284E-08     0.0000000000E+00
    1.5844294522E-08    -2.2216234365E-17
    1.6678204760E-08    -6.0080943279E-16
    1.7512114998E-08    -8.1881571133E-15
    1.8346025236E-08    -7.4884881187E-14
    1.9179935474E-08    -5.1633598658E-13
    2.0013845712E-08    -2.8590691889E-12
    2.0847755950E-08    -1.3223992037E-11
    2.1681666188E-08    -5.2468839223E-11
    2.2515576426E-08    -1.8199633911E-10
    2.3349486664E-08    -5.5960526771E-10
    2.4183396902E-08    -1.5411987586E-09
    2.5017307140E-08    -3.8312671346E-09
    2.5851217378E-08    -8.6449144577E-09
    2.6685127616E-08    -1.7772275027E-08
    2.7519037854E-08    -3.3354875880E-08
    2.8352948092E-08    -5.7156867480E-08
    2.9186858330E-08    -8.9236214495E-08
    3.0020768568E-08    -1.2625855429E-07
    3.0854678806E-08    -1.6019353507E-07
    3.1688589044E-08    -1.7853779958E-07
    3.2522499282E-08    -1.6711512728E-07
    3.3356409520E-08    -1.1557937278E-07
    3.4190319758E-08    -2.4074850974E-08
    3.5024229996E-08     9.2165588272E-08
    3.5858140234E-08     2.0394829680E-07
    3.6692050472E-08     2.7682328471E-07
    3.7525960710E-08     2.8528294309E-07
    3.8359870948E-08     2.2613700863E-07
    3.9193781186E-08     1.2310898394E-07
    4.0027691424E-08     1.7855487000E-08
    4.0861601662E-08    -4.9983937408E-08
    4.1695511900E-08    -6.3387506242E-08
    4.2529422138E-08    -3.6370684129E-08
    4.3363332376E-08    -3.3471926022E-09
    4.4197242614E-08     5.2920406297E-09
    4.5031152852E-08    -1.4576457491E-08
    4.5865063090E-08    -3.7427950541E-08
    4.6698973328E-08    -2.8344533786E-08
    4.7532883566E-08     2.6124753517E-08
    4.8366793804E-08     1.0020746564E-07
    4.9200704042E-08     1.4145970147E-07
    5.0034614280E-08     1.0902638018E-07
    5.0868524518E-08     1.0803389429E-08
    5.1702434756E-08    -9.1628718040E-08
    5.2536344994E-08    -1.2080757070E-07
    5.3370255232E-08    -4.1237558778E-08
    5.4204165470E-08     1.0594755843E-07
    5.5038075708E-08     2.2330437253E-07
    5.5871985946E-08     2.2471705778E-07
    5.6705896184E-08     1.0321836543E-07
    5.7539806422E-08    -5.5011299790E-08
    5.8373716660E-08    -1.2822667917E-07
    5.9207626898E-08    -5.0507692013E-08
    6.0041537136E-08     1.3241722689E-07
    6.0875447374E-08     2.9092478016E-07
    6.1709357612E-08     3.0794770892E-07
    6.2543267850E-08     1.7219976874E-07
    6.3377178088E-08    -7.1948243447E-09
    6.4211088326E-08    -8.1888660240E-08
    6.5044998564E-08     1.8513744584E-08
    6.5878908802E-08     2.2663091956E-07
    6.6712819040E-08     3.8680684277E-07
    6.7546729278E-08     3.7871664508E-07
    6.8380639516E-08     2.1663733433E-07
    6.9214549754E-08     4.1295152346E-08
    7.0048459992E-08     6.9163967313E-09
    7.0882370230E-08     1.5383820831E-07
    7.1716280468E-08     3.7269014673E-07
    7.2550190706E-08     4.9293247377E-07
    7.3384100944E-08     4.2463351608E-07
    7.4218011182E-08     2.3506797690E-07
    7.5051921420E-08     9.3716720300E-08
    7.5885831658E-08     1.2966739999E-07
    7.6719741896E-08     3.2137821837E-07
    7.7553652134E-08     5.1369817974E-07
    7.8387562372E-08     5.4954728752E-07
    7.9221472610E-08     4.0453706052E-07
    8.0055382848E-08     2.0834468547E-07
    8.0889293086E-08     1.3303141374E-07
    8.1723203324E-08     2.4389957308E-07
    8.2557113562E-08     4.4237856728E-07
    8.3391023800E-08     5.5152426528E-07
    8.4224934038E-08     4.7031353701E-07
    8.5058844276E-08     2.6180738358E-07
    8.5892754514E-08     9.7333843009E-08
    8.6726664752E-08     1.0528616525E-07
    8.7560574990E-08     2.5778154184E-07
    8.8394485228E-08     3.9562208656E-07
    8.9228395466E-08     3.6967186854E-07
    9.0062305704E-08     1.7309361112E-07
    9.0896215941E-08    -5.3365406336E-08
    9.1730126179E-08    -1.4773880280E-07
    9.2564036417E-08    -7.1738765396E-08
    9.3397946655E-08     5.5686574910E-08
    9.4231856893E-08     6.6070645530E-08
    9.5065767131E-08    -1.0677448088E-07
    9.5899677369E-08    -3.6776277849E-07
    9.6733587607E-08    -5.4728773154E-07
    9.7567497845E-08    -5.5477219353E-07
    9.8401408083E-08    -4.5970811694E-07
    9.9235318321E-08    -4.2700347077E-07
    1.0006922856E-07    -5.6604969288E-07
    1.0090313880E-07    -8.3125060212E-07
    1.0173704904E-07    -1.0643598116E-06
    1.0257095927E-07    -1.1391949713E-06
    1.0340486951E-07    -1.0759022500E-06
    1.0423877975E-07    -1.0204243996E-06
    1.0507268999E-07    -1.1088643206E-06
    1.0590660023E-07    -1.3419501646E-06
    1.0674051046E-07    -1.5848413379E-06
    1.0757442070E-07    -1.6915567317E-06
    1.0840833094E-07    -1.6385382206E-06
    1.0924224118E-07    -1.5441611660E-06
    1.1007615142E-07    -1.5570868926E-06
    1.1091006165E-07    -1.7176792716E-06
    1.1174397189E-07    -1.9209102722E-06
    1.1257788213E-07    -2.0142709458E-06
    1.1341179237E-07    -1.9387877021E-06
    1.1424570261E-07    -1.7819219129E-06
    1.1507961284E-07    -1.6939982074E-06
    1.1591352308E-07    -1.7471003700E-06
    1.1674743332E-07    -1.8683030707E-06
    1.1758134356E-07    -1.9087759919E-06
    1.1841525380E-07    -1.7830689005E-06
    1.1924916403E-07    -1.5479205676E-06
    1.2008307427E-07    -1.3475465778E-06
    1.2091698451E-07    -1.2778503864E-06
    1.2175089475E-07    -1.2974272514E-06
    1.2258480499E-07    -1.2682679375E-06
    1.2341871522E-07    -1.0867324023E-06
    1.2425262546E-07    -7.8102033301E-07
    1.2508653570E-07    -4.8395166796E-07
    1.2592044594E-07    -3.0788355227E-07
    1.2675435618E-07    -2.4037512387E-07
    1.2758826641E-07    -1.5857158629E-07
    1.2842217665E-07     5.2463045344E-08
    1.2925608689E-07     3.9007035252E-07
    1.3008999713E-07     7.3634273286E-07
    1.3092390737E-07     9.6912861954E-07
    1.3175781760E-07     1.0757439943E-06
    1.3259172784E-07     1.1619140179E-06
    1.3342563808E-07     1.3486077433E-06
    1.3425954832E-07     1.6555924350E-06
    1.3509345856E-07     1.9821308173E-06
    1.3592736879E-07     2.2021013348E-06
    1.3676127903E-07     2.2821654126E-06
    1.3759518927E-07     2.3106587086E-06
    1.3842909951E-07     2.4107559789E-06
    1.3926300975E-07     2.6216378136E-06
    1.4009691998E-07     2.8609451630E-06
    1.4093083022E-07     3.0033637114E-06
    1.4176474046E-07     2.9993436900E-06
    1.4259865070E-07     2.9205324844E-06
    1.4343256094E-07     2.8894530790E-06
    1.4426647117E-07     2.9616917902E-06
    1.4510038141E-07     3.0734287625E-06
    1.4593429165E-07     3.1036542594E-06
    1.4676820189E-07     2.9904586500E-06
    1.4760211213E-07     2.7897812112E-06
    1.4843602236E-07     2.6211194699E-06
    1.4926993260E-07     2.5533001501E-06
    1.5010384284E-07     2.5401662638E-06
    1.5093775308E-07     2.4671455518E-06
    1.5177166332E-07     2.2629211510E-06
    1.5260557355E-07     1.9685722249E-06
    1.5343948379E-07     1.6984056046E-06
    1.5427339403E-07     1.5311645232E-06
    1.5510730427E-07     1.4366371298E-06
    1.5594121451E-07     1.3076444023E-06
    1.5677512474E-07     1.0655579947E-06
    1.5760903498E-07     7.3725837577E-07
    1.5844294522E-07     4.2992880411E-07
    1.5927685546E-07     2.2897844798E-07
    1.6011076570E-07     1.1798933235E-07
    1.6094467593E-07    -2.6172698934E-09
    1.6177858617E-07    -2.1722538739E-07
    1.6261249641E-07    -5.1246809030E-07
    1.6344640665E-07    -7.8976070243E-07
    1.6428031689E-07    -9.5985113054E-07
    1.6511422712E-07    -1.0274683106E-06
    1.6594813736E-07    -1.0846402005E-06
    1.6678204760E-07    -1.2201040932E-06
    1.6761595784E-07    -1.4330362481E-06
    1.6844986808E-07    -1.6342475188E-06
    1.6928377831E-07    -1.7327614379E-06
    1.7011768855E-07    -1.7233258563E-06
    1.7095159879E-07    -1.6903777775E-06
    1.7178550903E-07    -1.7255142324E-06
    1.7261941927E-07    -1.8390858892E-06
    1.7345332950E-07    -1.9513774346E-06
    1.7428723974E-07    -1.9710492490E-06
    1.7512114998E-07    -1.8840835080E-06
    1.7595506022E-07    -1.7671061743E-06
    1.7678897046E-07    -1.7129812025E-06
    1.7762288069E-07    -1.7415715180E-06
    1.7845679093E-07    -1.7821722095E-06
    1.7929070117E-07    -1.7438601028E-06
    1.8012461141E-07    -1.6047111656E-06
    1.8095852164E-07    -1.4332644650E-06
    1.8179243188E-07    -1.3221290732E-06
    1.8262634212E-07    -1.2989716368E-06
    1.8346025236E-07    -1.3013883478E-06
    1.8429416260E-07    -1.2393547234E-06
    1.8512807283E-07    -1.0837777251E-06
    1.8596198307E-07    -8.9497416723E-07
    1.8679589331E-07    -7.6405215506E-07
    1.8762980355E-07    -7.2497051909E-07
    1.8846371379E-07    -7.2293770326E-07
    1.8929762402E-07    -6.6925493004E-07
    1.9013153426E-07    -5.2845763815E-07
    1.9096544450E-07    -3.5277467646E-07
    1.9179935474E-07    -2.3095596038E-07
    1.9263326498E-07    -2.0206548769E-07
    1.9346717521E-07    -2.1839195983E-07
    1.9430108545E-07    -1.9304482075E-07
    1.9513499569E-07    -8.5100996364E-08
    1.9596890593E-07     6.0892354038E-08
    1.9680281617E-07     1.5903133371E-07
    1.9763672640E-07     1.6602088738E-07
    1.9847063664E-07     1.2286912572E-07
    1.9930454688E-07     1.1413720437E-07
    2.0013845712E-07     1.8523471624E-07
    2.0097236736E-07     2.9871422179E-07
    2.0180627759E-07     3.7174721345E-07
    2.0264018783E-07     3.5746712979E-07
    2.0347409807E-07     2.9048106173E-07
    2.0430800831E-07     2.5254045604E-07
    2.0514191855E-07     2.9261084196E-07
    2.0597582878E-07     3.7971089310E-07
    2.0680973902E-07     4.3418709434E-07
    2.0764364926E-07     4.0615634865E-07
    2.0847755950E-07     3.2413626530E-07
    2.0931146974E-07     2.6670136248E-07
    2.1014537997E-07     2.8556324603E-07
    2.1097929021E-07     3.5561326173E-07
    2.1181320045E-07     4.0043363134E-07
    2.1264711069E-07     3.6764604109E-07
    2.1348102093E-07     2.8004355627E-07
    2.1431493116E-07     2.1279758831E-07
    2.1514884140E-07     2.1970586154E-07
    2.1598275164E-07     2.8101672845E-07
    2.1681666188E-07     3.2360717484E-07
    2.1765057212E-07     2.9311260923E-07
    2.1848448235E-07     2.0701867542E-07
    2.1931839259E-07     1.3699324884E-07
    2.2015230283E-07     1.3839597608E-07
    2.2098621307E-07     1.9638926094E-07
    2.2182012331E-07     2.4120035004E-07
    2.2265403354E-07     2.1696370858E-07
    2.2348794378E-07     1.3629970478E-07
    2.2432185402E-07     6.7360985368E-08
    2.2515576426E-07     6.6646711700E-08
    2.2598967450E-07     1.2383990139E-07
    2.2682358473E-07     1.7255372821E-07
    2.2765749497E-07     1.5586332561E-07
    2.2849140521E-07     8.1960445032E-08
    2.2932531545E-07     1.5522618383E-08
    2.3015922569E-07     1.3835115998E-08
    2.3099313592E-07     7.0736119035E-08
    2.3182704616E-07     1.2322765068E-07
    2.3266095640E-07     1.1370992426E-07
    2.3349486664E-07     4.6356670987E-08
    2.3432877688E-07    -1.7563170485E-08
    2.3516268711E-07    -2.0284312782E-08
    2.3599659735E-07     3.5837554815E-08
    2.3683050759E-07     9.1160330110E-08
    2.3766441783E-07     8.7733963606E-08
    2.3849832807E-07     2.6090473838E-08
    2.3933223830E-07    -3.5829699276E-08
    2.4016614854E-07    -4.0050552468E-08
    2.4100005878E-07     1.4543318336E-08
    2.4183396902E-07     7.1601595614E-08
    2.4266787926E-07     7.3094315154E-08
    2.4350178949E-07     1.6254099949E-08
    2.4433569973E-07    -4.4218013024E-08
    2.4516960997E-07    -5.0371587323E-08
    2.4600352021E-07     2.0611455570E-09
    2.4683743045E-07     5.9934608554E-08
    2.4767134068E-07     6.5363607593E-08
    2.4850525092E-07     1.2593581984E-08
    2.4933916116E-07    -4.6816842528E-08
    2.5017307140E-07    -5.5147474850E-08
    2.5100698164E-07    -5.2775037984E-09
    2.5184089187E-07     5.2750147382E-08
    2.5267480211E-07     6.1382449395E-08
    2.5350871235E-07     1.2163921424E-08
    2.5434262259E-07    -4.6384958755E-08
    2.5517653283E-07    -5.6948862973E-08
    2.5601044306E-07    -9.8319386696E-09
    2.5684435330E-07     4.7914458548E-08
    2.5767826354E-07     5.9226231218E-08
    2.5851217378E-07     1.3210422996E-08
    2.5934608402E-07    -4.4540307160E-08
    2.6017999425E-07    -5.7262427015E-08
    2.6101390449E-07    -1.2941339056E-08
    2.6184781473E-07     4.4247143719E-08
    2.6268172497E-07     5.7858904452E-08
    2.6351563521E-07     1.4806208439E-08
    2.6434954544E-07    -4.2131443891E-08
    2.6518345568E-07    -5.6864539318E-08
    2.6601736592E-07    -1.5295039808E-08
    2.6685127616E-07     4.1158427838E-08
    2.6768518640E-07     5.6780710290E-08
    2.6851909663E-07     1.6512671225E-08
    2.6935300687E-07    -3.9562233068E-08
    2.7018691711E-07    -5.6129141501E-08
    2.7102082735E-07    -1.7222151266E-08
    2.7185473759E-07     3.8378336077E-08
    2.7268864782E-07     5.5775941030E-08
    2.7352255806E-07     1.8145344793E-08
    2.7435646830E-07    -3.7008179167E-08
    2.7519037854E-07    -5.5226401751E-08
    2.7602428878E-07    -1.8872834984E-08
    2.7685819901E-07     3.5792014293E-08
    2.7769210925E-07     5.4763629115E-08
    2.7852601949E-07     1.9638677701E-08
    2.7935992973E-07    -3.4538537477E-08
    2.8019383997E-07    -5.4232352718E-08
    2.8102775020E-07    -2.0316089942E-08
    2.8186166044E-07     3.3352884734E-08
    2.8269557068E-07     5.3720444029E-08
    2.8352948092E-07     2.0977482729E-08
    2.8436339116E-07    -3.2177179040E-08
    2.8519730139E-07    -5.3182586275E-08
    2.8603121163E-07    -2.1586706477E-08
    2.8686512187E-07     3.1041803473E-08
    2.8769903211E-07     5.2645098989E-08
    2.8853294235E-07     2.2165738393E-08
    2.8936685258E-07    -2.9929971408E-08
    2.9020076282E-07    -5.2096078131E-08
    2.9103467306E-07    -2.2705701317E-08
    2.9186858330E-07     2.8849685490E-08
    2.9270249354E-07     5.1543494467E-08
    2.9353640377E-07     2.3213691212E-08
    2.9437031401E-07    -2.7796057961E-08
    2.9520422425E-07    -5.0984920930E-08
    2.9603813449E-07    -2.3688488803E-08
    2.9687204473E-07     2.6770770411E-08
    2.9770595496E-07     5.0423097640E-08
    2.9853986520E-07     2.4132984851E-08
    2.9937377544E-07    -2.5772174208E-08
    3.0020768568E-07    -4.9858056366E-08
    3.0104159592E-07    -2.4547920844E-08
    3.0187550615E-07     2.4800260200E-08
    3.0270941639E-07     4.9291058795E-08
    3.0354332663E-07     2.4935000702E-08
    3.0437723687E-07    -2.3854207272E-08
    3.0521114711E-07    -4.8722667657E-08
    3.0604505734E-07    -2.5295371680E-08
    3.0687896758E-07     2.2933580127E-08
    3.0771287782E-07     4.8153689584E-08
    3.0854678806E-07     2.5630362511E-08
    3.0938069830E-07    -2.2037754675E-08
    3.1021460853E-07    -4.7584727676E-08
    3.1104851877E-07    -2.5941132046E-08
    3.1188242901E-07     2.1166196615E-08
    3.1271633925E-07     4.7016401981E-08
    3.1355024949E-07     2.6228840614E-08
    3.1438415972E-07    -2.0318331251E-08
    3.1521806996E-07    -4.6449251071E-08
    3.1605198020E-07    -2.6494573673E-08
    3.1688589044E-07     1.9493604592E-08
    3.1771980068E-07     4.5883780284E-08
    3.1855371091E-07     2.6739376977E-08
    3.1938762115E-07    -1.8691460556E-08
    3.2022153139E-07    -4.5320447755E-08
    3.2105544163E-07    -2.6964246352E-08
    3.2188935187E-07     1.7911350970E-08
    3.2272326210E-07     4.4759674321E-08
    3.2355717234E-07     2.7170135477E-08
    3.2439108258E-07    -1.7152731148E-08
    3.2522499282E-07    -4.4201841141E-08
    3.2605890306E-07    -2.7357952689E-08
    3.2689281329E-07     1.6415065639E-08
    3.2772672353E-07     4.3647297000E-08
    3.2856063377E-07     2.7528567084E-08
    3.2939454401E-07    -1.5697825218E-08
    3.3022845425E-07    -4.3096357713E-08
    3.3106236448E-07    -2.7682807952E-08
    3.3189627472E-07     1.5000489126E-08
    3.3273018496E-07     4.2549309466E-08
    3.3356409520E-07     2.7821467019E-08
    3.3439800544E-07    -1.4322545501E-08
    3.3523191567E-07    -4.2006411320E-08
    3.3606582591E-07    -2.7945300864E-08
    3.3689973615E-07     1.3663490685E-08
    3.3773364639E-07     4.1467895874E-08
    3.3856755663E-07     2.8055031086E-08
    3.3940146686E-07    -1.3022830971E-08
    3.4023537710E-07    -4.0933972473E-08
    3.4106928734E-07    -2.8151347133E-08
    3.4190319758E-07     1.2400081535E-08
    3.4273710782E-07     4.0404827473E-08
    3.4357101805E-07     2.8234906033E-08
    3.4440492829E-07    -1.1794768767E-08
    3.4523883853E-07    -3.9880628441E-08
    3.4607274877E-07    -2.8306336849E-08
    3.4690665901E-07     1.1206427052E-08
    3.4774056924E-07     3.9361522204E-08
    3.4857447948E-07     2.8366238819E-08
    3.4940838972E-07    -1.0634601479E-08
    3.5024229996E-07    -3.8847637970E-08
    3.5107621020E-07    -2.8415183266E-08
    3.5191012043E-07     1.0078848471E-08
    3.5274403067E-07     3.8339090333E-08
    3.5357794091E-07     2.8453717543E-08
    3.5441185115E-07    -9.5387323653E-09
    3.5524576139E-07    -3.7835976646E-08
    3.5607967162E-07    -2.8482362304E-08
    3.5691358186E-07     9.0138290318E-09
    3.5774749210E-07     3.7338381214E-08
    3.5858140234E-07     2.8501614988E-08
    3.5941531258E-07    -8.5037242839E-09
    3.6024922281E-07    -3.6846375584E-08
    3.6108313305E-07    -2.8511950831E-08
    3.6191704329E-07     8.0080133076E-09
    3.6275095353E-07     3.6360018581E-08
    3.6358486377E-07     2.8513822663E-08
    3.6441877400E-07    -7.5263020023E-09
    3.6525268424E-07    -3.5879358773E-08
    3.6608659448E-07    -2.8507663561E-08
    3.6692050472E-07     7.0582050969E-09
    3.6775441496E-07     3.5404433428E-08
    3.6858832519E-07     2.8493885848E-08
    3.6942223543E-07    -6.6033478851E-09
    3.7025614567E-07    -3.4935270852E-08
    3.7109005591E-07    -2.8472882956E-08
    3.7192396615E-07     6.1613660041E-09
    3.7275787638E-07     3.4471892154E-08
    3.7359178662E-07     2.8445032566E-08
    3.7442569686E-07    -5.7319017940E-09
    3.7525960710E-07    -3.4014307457E-08
    3.7609351734E-07    -2.8410692406E-08
    3.7692742757E-07     5.3146091543E-09
    3.7776133781E-07     3.3562520929E-08
    3.7859524805E-07     2.8370204280E-08
    3.7942915829E-07    -4.9091516421E-09
    3.8026306853E-07    -3.3116531284E-08
    3.8109697876E-07    -2.8323896246E-08
    3.8193088900E-07     4.5151996570E-09
    3.8276479924E-07     3.2676328921E-08
    3.8359870948E-07     2.8272079666E-08
    3.8443261972E-07    -4.1324337401E-09
    3.8526652995E-07    -3.2241899401E-08
    3.8610044019E-07    -2.8215052176E-08
    3.8693435043E-07     3.7605427309E-09
    3.8776826067E-07     3.1813222705E-08
    3.8860217091E-07     2.8153097305E-08
    3.8943608114E-07    -3.3992246931E-09
    3.9026999138E-07    -3.1390275064E-08
    3.9110390162E-07    -2.8086486825E-08
    3.9193781186E-07     3.0481846837E-09
    3.9277172210E-07     3.0973027144E-08
    3.9360563233E-07     2.8015479120E-08
    3.9443954257E-07    -2.7071366565E-09
    3.9527345281E-07    -3.0561446380E-08
    3.9610736305E-07    -2.7940321723E-08
    3.9694127329E-07     2.3758008372E-09
    3.9777518352E-07     3.0155493745E-08
    3.9860909376E-07     2.7861246196E-08
    3.9944300400E-07    -2.0539124195E-09
    4.0027691424E-07    -2.9755137559E-08
    4.0111082448E-07    -2.7778488285E-08
    4.0194473471E-07     1.7411937335E-09
    4.0277864495E-07     2.9360315946E-08
    4.0361255519E-07     2.7692237607E-08
    4.0444646543E-07    -1.4374213092E-09
    4.0528037567E-07    -2.8971025444E-08
    4.0611428590E-07    -2.7602753688E-08
    4.0694819614E-07     1.1422746285E-09
    4.0778210638E-07     2.8587123744E-08
    4.0861601662E-07     2.7510107904E-08
    4.0944992686E-07    -8.5567448712E-10
    4.1028383709E-07    -2.8208773441E-08
    4.1111774733E-07    -2.7414764841E-08
    4.1195165757E-07     5.7702219916E-10
    4.1278556781E-07     2.7835447134E-08
    4.1361947805E-07     2.7316281934E-08
    4.1445338828E-07    -3.0689793201E-10
    4.1528729852E-07    -2.7468143019E-08
    4.1612120876E-07    -2.7216195916E-08
    4.1695511900E-07     4.3305456973E-11
    4.1778902924E-07     2.7104505737E-08
    4.1862293947E-07     2.7111691516E-08
    4.1945684971E-07     2.1012308826E-10
    4.2029075995E-07    -2.6749444093E-08
    4.2112467019E-07    -2.7009322035E-08
    4.2195858043E-07    -4.6183209631E-10
    4.2279249066E-07     2.6392316747E-08
    4.2362640090E-07     2.6895651407E-08
    4.2446031114E-07     6.9461555593E-10
    4.2529422138E-07    -2.6055347676E-08
    4.2612813162E-07    -2.6799301498E-08
    4.2696204185E-07    -9.4502588695E-10
    4.2779595209E-07     2.5692136106E-08
    4.2862986233E-07     2.6661416993E-08
    4.2946377257E-07     1.1382692846E-09
    4.3029768281E-07    -2.5397810212E-08
    4.3113159304E-07    -2.6602793272E-08
    4.3196550328E-07    -1.4272881226E-09
    4.3279941352E-07     2.4979198670E-08
    4.3363332376E-07     2.6379763711E-08
    4.3446723400E-07     1.5049231413E-09
    4.3530114423E-07    -2.4823163415E-08
    4.3613505447E-07    -2.6478883601E-08
    4.3696896471E-07    -1.9820532124E-09
    4.3780287495E-07     2.4163995439E-08
    4.3863678519E-07     2.5941693147E-08
    4.3947069542E-07     1.6604116748E-09
    4.4030460566E-07    -2.4497876163E-08
    4.4113851590E-07    -2.6633750003E-08
    4.4197242614E-07    -2.8626897455E-09
    4.4280633638E-07     2.2937185562E-08
    4.4364024661E-07     2.4970112589E-08
    4.4447415685E-07     1.1442657739E-09
    4.4530806709E-07    -2.4984853950E-08
    4.4614197733E-07    -2.7754476814E-08
    4.4697588757E-07    -4.9051065481E-09
    4.4780979780E-07     2.0284858649E-08
    4.4864370804E-07     2.2237207791E-08
    4.4947761828E-07    -1.5293724499E-09
    4.5031152852E-07    -2.8080807356E-08
    4.5114543876E-07    -3.2010303744E-08
    4.5197934899E-07    -1.0722842421E-08
    4.5281325923E-07     1.3064601421E-08
    4.5364716947E-07     1.3970859657E-08
    4.5448107971E-07    -1.0882446405E-08
    4.5531498995E-07    -3.9199138868E-08
    4.5614890018E-07    -4.5871467616E-08
    4.5698281042E-07    -2.8035522778E-08
    4.5781672066E-07    -7.9174744695E-09
    4.5865063090E-07    -1.0760471475E-08
    4.5948454114E-07    -3.9892232744E-08
    4.6031845137E-07    -7.3721461630E-08
    4.6115236161E-07    -8.7539241714E-08
    4.6198627185E-07    -7.8343918392E-08
    4.6282018209E-07    -6.8015876326E-08
    4.6365409233E-07    -8.1805098547E-08
    4.6448800256E-07    -1.2363874184E-07
    4.6532191280E-07    -1.7280742038E-07
    4.6615582304E-07    -2.0522405649E-07
    4.6698973328E-07    -2.1801886432E-07
    4.6782364352E-07    -2.3302779016E-07
    4.6865755375E-07    -2.7582879447E-07
    4.6949146399E-07    -3.5129598940E-07
    4.7032537423E-07    -4.3999828522E-07
    4.7115928447E-07    -5.1893616073E-07
    4.7199319471E-07    -5.8590981888E-07
    4.7282710494E-07    -6.6330928795E-07
    4.7366101518E-07    -7.7768980094E-07
    4.7449492542E-07    -9.3558037060E-07
    4.7532883566E-07    -1.1196180620E-06
    4.7616274590E-07    -1.3087842810E-06
    4.7699665613E-07    -1.5025510314E-06
    4.7783056637E-07    -1.7249626884E-06
    4.7866447661E-07    -2.0047420337E-06
    4.7949838685E-07    -2.3513609976E-06
    4.8033229709E-07    -2.7509327423E-06
    4.8116620732E-07    -3.1859678431E-06
    4.8200011756E-07    -3.6593025162E-06
    4.8283402780E-07    -4.1984606069E-06
    4.8366793804E-07    -4.8362789711E-06
    4.8450184828E-07    -5.5872433157E-06
    4.8533575851E-07    -6.4431538458E-06
    4.8616966875E-07    -7.3924143623E-06
    4.8700357899E-07    -8.4437383230E-06
    4.8783748923E-07    -9.6307703776E-06
    4.8867139947E-07    -1.0993208419E-05
    4.8950530970E-07    -1.2553393401E-05
    4.9033921994E-07    -1.4311747849E-05
    4.9117313018E-07    -1.6265592733E-05
    4.9200704042E-07    -1.8432607688E-05
    4.9284095066E-07    -2.0855670063E-05
    4.9367486089E-07    -2.3584426993E-05
    4.9450877113E-07    -2.6652101093E-05
    4.9534268137E-07    -3.0070671569E-05
    4.9617659161E-07    -3.3849182428E-05
    4.9701050185E-07    -3.8016900676E-05
    4.9784441208E-07    -4.2628297055E-05
    4.9867832232E-07    -4.7744985910E-05
    4.9951223256E-07    -5.3412671272E-05
    5.0034614280E-07    -5.9656001860E-05
    5.0118005304E-07    -6.6496295908E-05
    5.0201396327E-07    -7.3974304045E-05
    5.0284787351E-07    -8.2155220235E-05
    5.0368178375E-07    -9.1110873163E-05
    5.0451569399E-07    -1.0089670520E-04
    5.0534960423E-07    -1.1154620380E-04
    5.0618351446E-07    -1.2308794441E-04
    5.0701742470E-07    -1.3556784723E-04
    5.0785133494E-07    -1.4905409666E-04
    5.0868524518E-07    -1.6361946540E-04
    5.0951915542E-07    -1.7931822484E-04
    5.1035306565E-07    -1.9618007146E-04
    5.1118697589E-07    -2.1422641720E-04
    5.1202088613E-07    -2.3349207065E-04
    5.1285479637E-07    -2.5402999891E-04
    5.1368870661E-07    -2.7589373581E-04
    5.1452261684E-07    -2.9911420755E-04
    5.1535652708E-07    -3.2369317417E-04
    5.1619043732E-07    -3.4961881534E-04
    5.1702434756E-07    -3.7688690320E-04
    5.1785825780E-07    -4.0550549453E-04
    5.1869216803E-07    -4.3547754555E-04
    5.1952607827E-07    -4.6677782362E-04
    5.2035998851E-07    -4.9934608578E-04
    5.2119389875E-07    -5.3310222427E-04
    5.2202780899E-07    -5.6796722733E-04
    5.2286171922E-07    -6.0386812959E-04
    5.2369562946E-07    -6.4072120301E-04
    5.2452953970E-07    -6.7840937635E-04
    5.2536344994E-07    -7.1677562441E-04
    5.2619736018E-07    -7.5563818668E-04
    5.2703127041E-07    -7.9481185437E-04
    5.2786518065E-07    -8.3411373761E-04
    5.2869909089E-07    -8.7334761531E-04
    5.2953300113E-07    -9.1228247516E-04
    5.3036691137E-07    -9.5064675018E-04
    5.3120082160E-07    -9.8814425373E-04
    5.3203473184E-07    -1.0244764237E-03
    5.3286864208E-07    -1.0593495132E-03
    5.3370255232E-07    -1.0924606825E-03
    5.3453646256E-07    -1.1234782168E-03
    5.3537037279E-07    -1.1520371344E-03
    5.3620428303E-07    -1.1777563060E-03
    5.3703819327E-07    -1.2002620477E-03
    5.3787210351E-07    -1.2191970368E-03
    5.3870601375E-07    -1.2342083530E-03
    5.3953992398E-07    -1.2449294900E-03
    5.4037383422E-07    -1.2509773460E-03
    5.4120774446E-07    -1.2519704214E-03
    5.4204165470E-07    -1.2475535138E-03
    5.4287556493E-07    -1.2374079662E-03
    5.4370947517E-07    -1.2212411228E-03
    5.4454338541E-07    -1.1987694603E-03
    5.4537729565E-07    -1.1697161539E-03
    5.4621120589E-07    -1.1338293999E-03
    5.4704511612E-07    -1.0909071134E-03
    5.4787902636E-07    -1.0408072622E-03
    5.4871293660E-07    -9.8343736075E-04
    5.4954684684E-07    -9.1873723969E-04
    5.5038075708E-07    -8.4667560967E-04
    5.5121466731E-07    -7.6726685050E-04
    5.5204857755E-07    -6.8059397440E-04
    5.5288248779E-07    -5.8681725485E-04
    5.5371639803E-07    -4.8616194220E-04
    5.5455030827E-07    -3.7889886003E-04
    5.5538421850E-07    -2.6533819454E-04
    5.5621812874E-07    -1.4584303098E-04
    5.5705203898E-07    -2.0848938929E-05
    5.5788594922E-07     1.0913064889E-04
    5.5871985946E-07     2.4351990991E-04
    5.5955376969E-07     3.8170344772E-04
    5.6038767993E-07     5.2303631943E-04
    5.6122159017E-07     6.6683457901E-04
    5.6205550041E-07     8.1235966938E-04
    5.6288941065E-07     9.5881664895E-04
    5.6372332088E-07     1.1053729422E-03
    5.6455723112E-07     1.2511843688E-03
    5.6539114136E-07     1.3954084899E-03
    5.6622505160E-07     1.5371984382E-03
    5.6705896184E-07     1.6756902075E-03
    5.6789287207E-07     1.8100031253E-03
    5.6872678231E-07     1.9392602452E-03
    5.6956069255E-07     2.0626156826E-03
    5.7039460279E-07     2.1792691215E-03
    5.7122851303E-07     2.2884605463E-03
    5.7206242326E-07     2.3894578580E-03
    5.7289633350E-07     2.4815568651E-03
    5.7373024374E-07     2.5641004663E-03
    5.7456415398E-07     2.6365043424E-03
    5.7539806422E-07     2.6982696141E-03
