    1.6678204760E-09     0.0000000000E+00
    3.3356409520E-09     0.0000000000E+00
    5.0034614280E-09     0.0000000000E+00
    6.6712819040E-09     0.0000000000E+00
    8.3391023800E-09     0.0000000000E+00
    1.0006922856E-08     0.0000000000E+00
    1.1674743332E-08     0.0000000000E+00
    1.3342563808E-08     0.0000000000E+00
    1.5010384284E-08     0.0000000000E+00
    1.6678204760E-08     0.0000000000E+00
    1.8346025236E-08     0.0000000000E+00
    2.0013845712E-08     0.0000000000E+00
    2.1681666188E-08     0.0000000000E+00
    2.3349486664E-08     0.0000000000E+00
    2.5017307140E-08     0.0000000000E+00
    2.6685127616E-08     0.0000000000E+00
    2.8352948092E-08     0.0000000000E+00
    3.0020768568E-08     0.0000000000E+00
    3.1688589044E-08     0.0000000000E+00
    3.3356409520E-08     0.0000000000E+00
    3.5024229996E-08     0.0000000000E+00
    3.6692050472E-08     0.0000000000E+00
    3.8359870948E-08     0.0000000000E+00
    4.0027691424E-08    -8.1690364859E-17
    4.1695511900E-08     0.0000000000E+00
    4.3363332376E-08     0.0000000000E+00
    4.5031152852E-08     8.1690364859E-17
    4.6698973328E-08     8.1690364859E-17
    4.8366793804E-08     1.1232425168E-16
    5.0034614280E-08    -6.3820597546E-19
    5.1702434756E-08     3.7135610197E-17
    5.3370255232E-08    -3.4677519995E-18
    5.5038075708E-08     6.4924525607E-18
    5.6705896184E-08    -2.8338615905E-18
    5.8373716660E-08    -9.8577483901E-21
    6.0041537136E-08    -4.3176885427E-21
    6.1709357612E-08    -5.8684866890E-22
    6.3377178088E-08    -2.1214411548E-24
    6.5044998564E-08     8.5380392758E-26
    6.6712819040E-08     5.9129761764E-28
    6.8380639516E-08     4.1877057945E-32
    7.0048459992E-08    -6.6956370804E-32
    7.1716280468E-08     6.0015962736E-32
    7.3384100944E-08    -6.6956370804E-32
    7.5051921420E-08     2.3738153153E-32
    7.6719741896E-08    -1.2539656430E-32
    7.8387562372E-08    -1.2539656430E-32
    8.0055382848E-08    -1.2539656430E-32
    8.1723203324E-08    -1.2539656430E-32
    8.3391023800E-08    -1.2539656430E-32
    8.5058844276E-08    -1.2539656430E-32
    8.6726664752E-08    -1.2539656430E-32
    8.8394485228E-08    -1.2539656430E-32
    9.0062305704E-08    -1.2539656430E-32
    9.1730126179E-08    -1.2539656430E-32
    9.3397946655E-08    -1.2539656430E-32
    9.5065767131E-08    -1.2539656430E-32
    9.6733587607E-08    -1.2539656430E-32
    9.8401408083E-08    -1.2539656430E-32
    1.0006922856E-07    -1.2539656430E-32
    1.0173704904E-07    -1.2539656430E-32
    1.0340486951E-07    -1.2539656430E-32
    1.0507268999E-07    -1.2539656430E-32
    1.0674051046E-07    -1.2539656430E-32
    1.0840833094E-07    -1.2539656430E-32
    1.1007615142E-07    -1.2539656430E-32
    1.1174397189E-07    -1.2539656430E-32
    1.1341179237E-07    -1.2539656430E-32
    1.1507961284E-07    -1.2539656430E-32
    1.1674743332E-07    -1.2539656430E-32
    1.1841525380E-07    -1.2539656430E-32
    1.2008307427E-07    -1.2539656430E-32
    1.2175089475E-07    -1.2539656430E-32
    1.2341871522E-07    -1.2539656430E-32
    1.2508653570E-07    -1.2539656430E-32
    1.2675435618E-07    -1.2539656430E-32
    1.2842217665E-07    -1.2539656430E-32
    1.3008999713E-07    -1.2539656430E-32
    1.3175781760E-07    -4.1407257478E-07
    1.3342563808E-07    -1.2896159803E-05
    1.3509345856E-07    -2.2976737789E-04
    1.3676127903E-07    -2.2282456695E-03
    1.3842909951E-07    -1.1375968133E-02
    1.4009691998E-07    -2.8153602778E-02
    1.4176474046E-07    -2.4844798203E-02
    1.4343256094E-07     1.5019457365E-02
    1.4510038141E-07     4.3735718481E-02
    1.4676820189E-07     4.5330546543E-02
    1.4843602236E-07     2.9365724961E-02
    1.5010384284E-07    -1.2387846368E-02
    1.5177166332E-07    -3.2245635429E-02
    1.5343948379E-07    -1.7225548191E-02
    1.5510730427E-07    -4.2423792006E-03
    1.5677512474E-07    -4.4128681693E-04
    1.5844294522E-07    -8.4206148495E-05
    1.6011076570E-07     3.8560265762E-05
    1.6177858617E-07    -3.0937708267E-05
    1.6344640665E-07     2.4044012191E-05
    1.6511422712E-07    -1.8701105112E-05
    1.6678204760E-07     1.4545302685E-05
    1.6844986808E-07    -1.1313013204E-05
    1.7011768855E-07     8.7990102695E-06
    1.7178550903E-07    -6.8436746540E-06
    1.7345332950E-07     5.3228580642E-06
    1.7512114998E-07    -4.1400007166E-06
    1.7678897046E-07     3.2200005574E-06
    1.7845679093E-07    -2.5044448780E-06
    1.8012461141E-07     1.9479015718E-06
    1.8179243188E-07    -1.5150345558E-06
    1.8346025236E-07     1.1783602101E-06
    1.8512807283E-07    -9.1650238560E-07
    1.8679589331E-07     7.1283518879E-07
    1.8846371379E-07    -5.5442736907E-07
    1.9013153426E-07     4.3122128706E-07
    1.9179935474E-07    -3.3539433438E-07
    1.9346717521E-07     2.6086226007E-07
    1.9513499569E-07    -2.0289286894E-07
    1.9680281617E-07     1.5780556472E-07
    1.9847063664E-07    -1.2273766145E-07
    2.0013845712E-07     9.5462625575E-08
    2.0180627759E-07    -7.4248708787E-08
    2.0347409807E-07     5.7748995726E-08
    2.0514191855E-07    -4.4915885563E-08
    2.0680973902E-07     3.4934577650E-08
    2.0847755950E-07    -2.7171338161E-08
    2.1014537997E-07     2.1133263016E-08
    2.1181320045E-07    -1.6436982326E-08
    2.1348102093E-07     1.2784319582E-08
    2.1514884140E-07    -9.9433596638E-09
    2.1681666188E-07     7.7337241628E-09
    2.1848448235E-07    -6.0151187904E-09
    2.2015230283E-07     4.6784257241E-09
    2.2182012331E-07    -3.6387755662E-09
    2.2348794378E-07     2.8301587827E-09
    2.2515576426E-07    -2.2012346274E-09
    2.2682358473E-07     1.7120713770E-09
    2.2849140521E-07    -1.3316110680E-09
    2.3015922569E-07     1.0356974952E-09
    2.3182704616E-07    -8.0554248133E-10
    2.3349486664E-07     6.2653304509E-10
    2.3516268711E-07    -4.8730348794E-10
    2.3683050759E-07     3.7901383163E-10
    2.3849832807E-07    -2.9478854311E-10
    2.4016614854E-07     2.2927998519E-10
    2.4183396902E-07    -1.7832887305E-10
    2.4350178949E-07     1.3870023276E-10
    2.4516960997E-07    -1.0787796067E-10
    2.4683743045E-07     8.3905075220E-11
    2.4850525092E-07    -6.5259508243E-11
    2.5017307140E-07     5.0757394822E-11
    2.5184089187E-07    -3.9477971637E-11
    2.5350871235E-07     3.0705090809E-11
    2.5517653283E-07    -2.3881742327E-11
    2.5684435330E-07     1.8574689161E-11
    2.5851217378E-07    -1.4446985792E-11
    2.6017999425E-07     1.1236540880E-11
    2.6184781473E-07    -8.7395320578E-12
    2.6351563521E-07     6.7974146695E-12
    2.6518345568E-07    -5.2868804648E-12
    2.6685127616E-07     4.1120275615E-12
    2.6851909663E-07    -3.1982474181E-12
    2.7018691711E-07     2.4875280491E-12
    2.7185473759E-07    -1.9347393395E-12
    2.7352255806E-07     1.5047954556E-12
    2.7519037854E-07    -1.1703925453E-12
    2.7685819901E-07     9.1030436487E-13
    2.7852601949E-07    -7.0801228245E-13
    2.8019383997E-07     5.5067538855E-13
    2.8186166044E-07    -4.2831084052E-13
    2.8352948092E-07     3.3313629727E-13
    2.8519730139E-07    -2.5911610709E-13
    2.8686512187E-07     2.0153843498E-13
    2.8853294235E-07    -1.5675168776E-13
    2.9020076282E-07     1.2191330444E-13
    2.9186858330E-07    -9.4818887763E-14
    2.9353640377E-07     7.3749186890E-14
    2.9520422425E-07    -5.7361347448E-14
    2.9687204473E-07     4.4616688915E-14
    2.9853986520E-07    -4.6008098571E-08
    3.0020768568E-07    -1.3511145043E-06
    3.0187550615E-07    -2.3045935173E-05
    3.0354332663E-07    -2.0412852727E-04
    3.0521114711E-07    -8.5764697469E-04
    3.0687896758E-07    -1.1971228691E-03
    3.0854678806E-07     1.2987405176E-03
    3.1021460853E-07     3.4192302161E-03
    3.1188242901E-07     5.3129440041E-04
    3.1355024949E-07    -2.3602586014E-04
    3.1521806996E-07    -1.5902933956E-03
    3.1688589044E-07    -3.4023908400E-03
    3.1855371091E-07     4.3988297988E-04
    3.2022153139E-07     1.3267673754E-03
    3.2188935187E-07     4.1064415142E-04
    3.2355717234E-07     1.0295370264E-04
    3.2522499282E-07    -4.0399472226E-05
    3.2689281329E-07     4.5062524426E-05
    3.2856063377E-07    -4.2770627224E-05
    3.3022845425E-07     3.9375123447E-05
    3.3189627472E-07    -3.5374553492E-05
    3.3356409520E-07     3.1207586916E-05
    3.3523191567E-07    -2.7145713811E-05
    3.3689973615E-07     2.3348002239E-05
    3.3856755663E-07    -1.9897633400E-05
    3.4023537710E-07     1.6827774057E-05
    3.4190319758E-07    -1.4139697465E-05
    3.4357101805E-07     1.1815320392E-05
    3.4523883853E-07    -9.8257431309E-06
    3.4690665901E-07     8.1369498184E-06
    3.4857447948E-07    -6.7135094285E-06
    3.5024229996E-07     5.5208845295E-06
    3.5191012043E-07    -4.5267838114E-06
    3.5357794091E-07     3.7018693615E-06
    3.5524576139E-07    -3.0200386765E-06
    3.5691358186E-07     2.4584354880E-06
    3.5858140234E-07    -1.9972960041E-06
    3.6024922281E-07     1.6197031804E-06
    3.6191704329E-07    -1.3112974880E-06
    3.6358486377E-07     1.0599756499E-06
    3.6525268424E-07    -8.5559697531E-07
    3.6692050472E-07     3.5371882153E-08
    3.6858832519E-07    -2.0570893207E-05
    3.7025614567E-07    -3.5149053708E-04
    3.7192396615E-07    -3.3250603534E-03
    3.7359178662E-07    -1.6113070689E-02
    3.7525960710E-07    -3.5390249535E-02
    3.7692742757E-07    -1.8951647165E-02
    3.7859524805E-07     3.5362791884E-02
    3.8026306853E-07     4.9303474591E-02
    3.8193088900E-07     4.2660090398E-02
    3.8359870948E-07     2.1852853178E-02
    3.8526652995E-07    -3.2970808271E-02
    3.8693435043E-07    -3.2463625105E-02
    3.8860217091E-07    -7.7324090717E-03
    3.9026999138E-07    -2.2579448513E-03
    3.9193781186E-07     7.8864006827E-04
    3.9360563233E-07    -6.9126482055E-04
    3.9527345281E-07     5.2609050684E-04
    3.9694127329E-07    -3.8814494192E-04
    3.9860909376E-07     2.7463499690E-04
    4.0027691424E-07    -1.8396315246E-04
    4.0194473471E-07     1.1346048952E-04
    4.0361255519E-07    -6.0099927845E-05
    4.0528037567E-07     2.0879438845E-05
    4.0694819614E-07     6.9675324536E-06
    4.0861601662E-07    -2.5872421186E-05
    4.1028383709E-07     3.7900268144E-05
    4.1195165757E-07    -4.4758582326E-05
    4.1361947805E-07     4.7827893346E-05
    4.1528729852E-07    -4.8202241615E-05
    4.1695511900E-07     4.6732378365E-05
    4.1862293947E-07    -4.4067458656E-05
    4.2029075995E-07     4.0692975954E-05
    4.2195858043E-07    -3.6963937003E-05
    4.2362640090E-07     3.3133042489E-05
    4.2529422138E-07    -2.9374084184E-05
    4.2696204185E-07     2.5801004632E-05
    4.2862986233E-07    -2.2483167458E-05
    4.3029768281E-07     1.9457406850E-05
    4.3196550328E-07    -1.6737397933E-05
    4.3363332376E-07     1.4320838217E-05
    4.3530114423E-07    -1.2194868162E-05
    4.3696896471E-07     1.0340095027E-05
    4.3863678519E-07    -8.7335234165E-06
    4.4030460566E-07     7.3506411388E-06
    4.4197242614E-07    -6.1668610308E-06
    4.4364024661E-07     5.1584786264E-06
    4.4530806709E-07    -4.3032714819E-06
    4.4697588757E-07     3.5808379994E-06
    4.4864370804E-07    -2.9727509401E-06
    4.5031152852E-07     2.4625827080E-06
    4.5197934899E-07    -2.0358451666E-06
    4.5364716947E-07     1.6798755529E-06
    4.5531498995E-07    -1.3836913978E-06
    4.5698281042E-07     1.1378307314E-06
    4.5865063090E-07    -9.3418884703E-07
    4.6031845137E-07     7.6585915031E-07
    4.6198627185E-07    -6.2698286833E-07
    4.6365409233E-07     5.1261039465E-07
    4.6532191280E-07    -4.2368763806E-07
    4.6698973328E-07     2.0034787970E-07
    4.6865755375E-07    -2.5789528722E-06
    4.7032537423E-07    -1.8104422671E-05
    4.7199319471E-07    -5.8539902288E-05
    4.7366101518E-07     7.8178147908E-06
    4.7532883566E-07     2.7123260966E-04
    4.7699665613E-07     2.4655256466E-05
    4.7866447661E-07    -3.4006123101E-04
    4.8033229709E-07     1.7923677075E-04
    4.8200011756E-07    -2.8988253712E-04
    4.8366793804E-07     2.4121611724E-05
    4.8533575851E-07     4.0815681054E-04
    4.8700357899E-07    -2.1891159704E-04
    4.8867139947E-07     6.8472322720E-05
    4.9033921994E-07    -8.7443458534E-05
    4.9200704042E-07     5.2082957623E-05
    4.9367486089E-07    -3.1012801459E-05
    4.9534268137E-07     1.4361521742E-05
    4.9701050185E-07    -2.0425241218E-06
    4.9867832232E-07    -6.7170816339E-06
    5.0034614280E-07     1.2622564028E-05
    5.0201396327E-07    -1.6301369649E-05
    5.0368178375E-07     1.8289350552E-05
    5.0534960423E-07    -1.9030195755E-05
    5.0701742470E-07     1.8881923166E-05
    5.0868524518E-07    -1.8126816956E-05
    5.1035306565E-07     1.6982563015E-05
    5.1202088613E-07    -1.5613251716E-05
    5.1368870661E-07     1.4139517856E-05
    5.1535652708E-07    -1.2647471833E-05
    5.1702434756E-07     1.1196313858E-05
    5.1869216803E-07    -9.8246629124E-06
    5.2035998851E-07     8.5557081178E-06
    5.2202780899E-07    -7.4013252795E-06
    5.2369562946E-07     6.3653111652E-06
    5.2536344994E-07    -5.4458831712E-06
    5.2703127041E-07     4.6375791130E-06
    5.2869909089E-07    -3.9326753984E-06
    5.3036691137E-07     3.3222244363E-06
    5.3203473184E-07    -2.7967954041E-06
    5.3370255232E-07     2.2015790614E-06
    5.3537037279E-07    -6.1531763444E-06
    5.3703819327E-07    -6.8863211899E-05
    5.3870601375E-07    -6.0714353958E-04
    5.4037383422E-07    -2.3696291681E-03
    5.4204165470E-07    -2.4407149797E-03
    5.4370947517E-07     5.5513104332E-03
    5.4537729565E-07     7.7522264367E-03
    5.4704511612E-07    -2.9316095510E-03
    5.4871293660E-07     8.0385681955E-04
    5.5038075708E-07    -5.2490713622E-03
    5.5204857755E-07    -8.1004097317E-03
    5.5371639803E-07     6.4130140147E-03
    5.5538421850E-07     5.0793559180E-04
    5.5705203898E-07     8.2147894274E-04
    5.5871985946E-07     3.8096893268E-05
    5.6038767993E-07    -3.5850351624E-04
    5.6205550041E-07     5.4936332942E-04
    5.6372332088E-07    -6.3044908785E-04
    5.6539114136E-07     6.3763615744E-04
    5.6705896184E-07    -5.9785186853E-04
    5.6872678231E-07     5.3109157692E-04
    5.7039460279E-07    -4.5164142764E-04
    5.7206242326E-07     3.6927304829E-04
    5.7373024374E-07    -2.9030467295E-04
    5.7539806422E-07     2.1849536423E-04
    5.7706588469E-07    -1.5576961217E-04
    5.7873370517E-07     1.0278589126E-04
    5.8040152564E-07    -5.9370112163E-05
    5.8206934612E-07     2.4836963357E-05
    5.8373716660E-07     1.7787545437E-06
    5.8540498707E-07    -2.1561067375E-05
    5.8707280755E-07     3.5605252604E-05
    5.8874062802E-07    -4.4949972230E-05
    5.9040844850E-07     5.0538121923E-05
    5.9207626898E-07    -5.3197842158E-05
    5.9374408945E-07     5.3637184003E-05
    5.9541190993E-07    -5.2447589225E-05
    5.9707973040E-07     5.0112668135E-05
    5.9874755088E-07    -4.6692618350E-05
    6.0041537136E-07     5.3662315906E-05
    6.0208319183E-07     1.4104841826E-04
    6.0375101231E-07     1.7726513647E-03
    6.0541883278E-07     8.5422546992E-03
    6.0708665326E-07     1.8456498917E-02
    6.0875447374E-07     2.0196288321E-03
    6.1042229421E-07    -4.5734886031E-02
    6.1209011469E-07    -3.9701774834E-02
    6.1375793516E-07     1.1047239254E-02
    6.1542575564E-07     1.2166661047E-02
    6.1709357612E-07     4.1510395191E-02
    6.1876139659E-07     3.6086538204E-02
    6.2042921707E-07    -3.3823616087E-02
    6.2209703754E-07    -1.0984051649E-02
    6.2376485802E-07     1.8192468167E-04
    6.2543267850E-07    -3.6864574468E-03
    6.2710049897E-07     3.9515541057E-03
    6.2876831945E-07    -3.7181322459E-03
    6.3043613992E-07     3.1390493843E-03
    6.3210396040E-07    -2.4259655352E-03
    6.3377178088E-07     1.6802835304E-03
    6.3543960135E-07    -1.5129449565E-03
    6.3710742183E-07    -3.9456704879E-03
    6.3877524230E-07    -2.3024939682E-02
    6.4044306278E-07    -5.7728586330E-02
    6.4211088326E-07    -5.0986841820E-02
    6.4377870373E-07     3.2148457241E-02
    6.4544652421E-07     9.2655486716E-02
    6.4711434468E-07     8.8254847682E-02
    6.4878216516E-07     6.0231000831E-02
    6.5044998564E-07    -2.7903794277E-02
    6.5211780611E-07    -6.8899007491E-02
    6.5378562659E-07    -3.1274163806E-02
    6.5545344706E-07    -7.9483703332E-03
    6.5712126754E-07    -6.5101444910E-04
    6.5878908802E-07     3.7773268002E-05
    6.6045690849E-07    -2.6884925442E-04
    6.6212472897E-07     3.5472014474E-04
    6.6379254944E-07    -3.8180485643E-04
    6.6546036992E-07     3.6884786170E-04
    6.6712819040E-07    -3.3166679898E-04
    6.6879601087E-07     2.8178977801E-04
    6.7046383135E-07    -2.2729356760E-04
    6.7213165182E-07     1.7355481394E-04
    6.7379947230E-07    -1.2390836769E-04
    6.7546729278E-07     8.0196144522E-05
    6.7713511325E-07    -4.3207757446E-05
    6.7880293373E-07     1.3023141970E-05
    6.8047075420E-07     1.0728764711E-05
    6.8213857468E-07    -2.8680412464E-05
    6.8380639516E-07     4.1591059840E-05
    6.8547421563E-07    -5.0254842325E-05
    6.8714203611E-07     5.5441038737E-05
    6.8880985658E-07    -5.7858016949E-05
    6.9047767706E-07     5.8134104721E-05
    6.9214549754E-07    -5.6810161042E-05
    6.9381331801E-07     5.4339899695E-05
    6.9548113849E-07    -5.1095050754E-05
    6.9714895896E-07     4.7373262858E-05
    6.9881677944E-07    -4.3407280683E-05
    7.0048459992E-07     3.9350175352E-05
    7.0215242039E-07    -3.6060787823E-05
    7.0382024087E-07     2.1051503893E-05
    7.0548806134E-07    -1.0901539016E-04
    7.0715588182E-07    -2.0648466758E-04
    7.0882370230E-07     1.4666957527E-04
    7.1049152277E-07     1.2196754411E-03
    7.1215934325E-07    -5.8328000900E-04
    7.1382716372E-07    -1.3257555467E-03
    7.1549498420E-07     1.6527032539E-03
    7.1716280468E-07    -2.2934112266E-03
    7.1883062515E-07     1.3078393548E-03
    7.2049844563E-07     1.4022767694E-03
    7.2216626610E-07    -2.0753198692E-03
    7.2383408658E-07     1.6667913608E-03
    7.2550190706E-07    -1.4272836134E-03
    7.2716972753E-07     1.0442781559E-03
    7.2883754801E-07    -6.6112599561E-04
    7.3050536848E-07     3.1775485990E-04
    7.3217318896E-07    -3.5943573817E-05
    7.3384100944E-07    -1.7783706101E-04
    7.3550882991E-07     3.2637562788E-04
    7.3717665039E-07    -4.1755543015E-04
    7.3884447086E-07     4.6151824115E-04
    7.4051229134E-07    -4.6883432232E-04
    7.4218011182E-07     4.4940501299E-04
    7.4384793229E-07    -4.1187900811E-04
    7.4551575277E-07     3.6341389111E-04
    7.4718357324E-07    -3.0965767212E-04
    7.4885139372E-07     2.5486023714E-04
    7.5051921420E-07    -2.0205215141E-04
    7.5218703467E-07     1.5324913458E-04
    7.5385485515E-07    -1.0965587536E-04
    7.5552267562E-07     7.1853798934E-05
    7.5719049610E-07    -3.9964948583E-05
    7.5885831658E-07     1.3789142309E-05
    7.6052613705E-07     7.0852932207E-06
    7.6219395753E-07    -2.3195085045E-05
    7.6386177800E-07     3.5136825794E-05
    7.6552959848E-07    -4.3446960374E-05
    7.6719741896E-07     5.1067650024E-05
    7.6886523943E-07    -1.5795559820E-05
    7.7053305991E-07     3.6732973690E-04
    7.7220088038E-07     1.1660135641E-03
    7.7386870086E-07     8.0242974553E-04
    7.7553652134E-07    -6.2441247805E-03
    7.7720434181E-07    -8.0266181796E-03
    7.7887216229E-07     1.1808124533E-02
    7.8053998276E-07     9.3188487851E-03
    7.8220780324E-07    -8.8098286768E-03
    7.8387562372E-07     1.3099750429E-02
    7.8554344419E-07    -1.4693616383E-02
    7.8721126467E-07    -1.2088740651E-02
    7.8887908514E-07     1.9352535401E-02
    7.9054690562E-07    -1.0893793768E-02
    7.9221472610E-07     7.3595801331E-03
    7.9388254657E-07    -3.1503351672E-03
    7.9555036705E-07    -1.8889850926E-04
    7.9721818752E-07     2.5485413136E-03
    7.9888600800E-07    -3.9661200646E-03
    8.0055382848E-07     4.5681710744E-03
    8.0222164895E-07    -4.9680462941E-03
    8.0388946943E-07     8.1043213679E-04
    8.0555728990E-07    -1.9947115167E-02
    8.0722511038E-07    -3.2761763598E-02
    8.0889293086E-07    -1.9840052622E-02
    8.1056075133E-07     3.7687965354E-02
    8.1222857181E-07     4.6996524286E-02
    8.1389639228E-07     4.2294647506E-02
    8.1556421276E-07     2.2552299562E-02
    8.1723203324E-07    -3.5501530608E-02
    8.1889985371E-07    -2.8932832742E-02
    8.2056767419E-07    -8.5102958581E-03
    8.2223549466E-07    -2.5604479971E-03
    8.2390331514E-07     7.5029666725E-04
    8.2557113562E-07    -6.7625509425E-04
    8.2723895609E-07     3.8792610465E-04
    8.2890677657E-07    -1.1901090822E-04
    8.3057459704E-07    -1.0889463389E-04
    8.3224241752E-07     2.8258913617E-04
    8.3391023800E-07    -3.9753027587E-04
    8.3557805847E-07     5.1911853351E-04
    8.3724587895E-07     1.0720899023E-04
    8.3891369942E-07     4.3706479617E-03
    8.4058151990E-07     1.2927394055E-02
    8.4224934038E-07     1.8052431652E-02
    8.4391716085E-07    -1.7436008075E-02
    8.4558498133E-07    -6.0263659546E-02
    8.4725280180E-07    -1.7896094019E-02
    8.4892062228E-07     2.8281793270E-02
    8.5058844276E-07     1.0410566298E-02
    8.5225626323E-07     5.5801006672E-02
    8.5392408371E-07     1.2372037783E-02
    8.5559190418E-07    -5.6737237210E-02
    8.5725972466E-07     1.6637470157E-02
    8.5892754514E-07    -7.5317168623E-03
    8.6059536561E-07    -2.7985295985E-03
    8.6226318609E-07     8.9077762989E-03
    8.6393100656E-07    -1.1567536749E-02
    8.6559882704E-07     1.1617641465E-02
    8.6726664752E-07    -9.9530179316E-03
    8.6893446799E-07     7.7805425758E-03
    8.7060228847E-07    -1.5653837068E-03
    8.7227010894E-07     1.5174758118E-02
    8.7393792942E-07     1.9823641827E-02
    8.7560574990E-07    -2.1371763907E-02
    8.7727357037E-07    -5.6131149644E-02
    8.7894139085E-07    -1.0619675533E-02
    8.8060921132E-07     1.8501907796E-02
    8.8227703180E-07     8.7422015086E-03
    8.8394485228E-07     6.6862185880E-02
    8.8561267275E-07    -1.1678674746E-02
    8.8728049323E-07    -3.2616023576E-02
    8.8894831370E-07     7.7266936606E-03
    8.9061613418E-07    -1.0107262054E-02
    8.9228395466E-07     6.0315352579E-03
    8.9395177513E-07    -2.8359540907E-03
    8.9561959561E-07     2.8577162974E-04
    8.9728741608E-07     1.4689214849E-03
    8.9895523656E-07    -2.4822182733E-03
    9.0062305704E-07     2.8833314713E-03
    9.0229087751E-07    -2.8839540097E-03
    9.0395869799E-07     2.0813968579E-03
    9.0562651846E-07    -3.7072498733E-03
    9.0729433894E-07    -1.1067945785E-03
    9.0896215941E-07     1.8080783829E-03
    9.1062997989E-07     7.6015239517E-03
    9.1229780037E-07     1.0571752539E-03
    9.1396562084E-07    -1.5659232994E-03
    9.1563344132E-07    -1.6465319827E-03
    9.1730126179E-07    -8.7431857166E-03
    9.1896908227E-07     2.4419132112E-03
    9.2063690275E-07     2.1308794235E-03
    9.2230472322E-07     1.0436911167E-03
    9.2397254370E-07    -7.9230283727E-05
    9.2564036417E-07     1.9056827564E-04
    9.2730818465E-07    -2.1293944963E-04
    9.2897600513E-07     2.4811912222E-04
    9.3064382560E-07    -2.7431129751E-04
    9.3231164608E-07     2.8576762549E-04
    9.3397946655E-07    -2.8099260509E-04
    9.3564728703E-07     2.6812403826E-04
    9.3731510751E-07    -1.9143055586E-04
    9.3898292798E-07     3.0578415479E-04
    9.4065074846E-07    -3.8372509000E-04
    9.4231856893E-07    -1.0629261647E-03
    9.4398638941E-07     6.3257928224E-04
    9.4565420989E-07     3.8081176424E-03
    9.4732203036E-07    -3.6420073747E-03
    9.4898985084E-07    -1.4960083602E-03
    9.5065767131E-07     6.0951525966E-03
    9.5232549179E-07    -1.0879284835E-02
    9.5399331227E-07     9.2929307776E-03
    9.5566113274E-07    -1.5897488405E-04
    9.5732895322E-07    -6.8680703790E-03
    9.5899677369E-07     9.5754387636E-03
    9.6066459417E-07    -9.9339515912E-03
    9.6233241465E-07     8.4865067448E-03
    9.6400023512E-07    -6.0469336679E-03
    9.6566805560E-07     3.2685448106E-03
    9.6733587607E-07    -6.2518182530E-04
    9.6900369655E-07    -1.6727471111E-03
    9.7067151703E-07     2.6861588168E-03
    9.7233933750E-07    -6.6241204865E-03
    9.7400715798E-07     2.4607028031E-03
    9.7567497845E-07     3.1979824989E-04
    9.7734279893E-07     1.2078584033E-02
    9.7901061941E-07    -6.6720580109E-03
    9.8067843988E-07     4.4122043611E-03
    9.8234626036E-07    -7.7074935723E-03
    9.8401408083E-07    -6.2792485721E-03
    9.8568190131E-07     5.3015978705E-03
    9.8734972179E-07     2.2917522534E-04
    9.8901754226E-07     1.4877037396E-03
    9.9068536274E-07    -5.1064615342E-04
    9.9235318321E-07     2.4785717798E-04
    9.9402100369E-07    -8.8131974105E-05
    9.9568882417E-07     5.7870928491E-05
    9.9735664464E-07    -1.1370933095E-04
    9.9902446512E-07     2.1849617702E-04
    1.0006922856E-06    -3.4091239668E-04
    1.0023601061E-06     4.7436329092E-04
    1.0040279265E-06    -3.9181236090E-04
    1.0056957470E-06     1.7472090220E-03
    1.0073635675E-06     2.6790751038E-03
    1.0090313880E-06     1.2934732025E-03
    1.0106992085E-06    -1.5959735355E-02
    1.0123670289E-06    -1.0003667411E-02
    1.0140348494E-06     2.6883227600E-02
    1.0157026699E-06     2.0288096532E-03
    1.0173704904E-06    -1.2916158156E-02
    1.0190383108E-06     3.4623512408E-02
    1.0207061313E-06    -4.6267165916E-02
    1.0223739518E-06     4.7731958887E-04
    1.0240417723E-06     3.6608561113E-02
    1.0257095927E-06    -4.1871511629E-02
    1.0273774132E-06     3.6160223197E-02
    1.0290452337E-06    -2.3296170638E-02
    1.0307130542E-06     8.5553397618E-03
    1.0323808746E-06     4.6656387691E-03
    1.0340486951E-06    -1.4529159304E-02
    1.0357165156E-06     2.0501974256E-02
    1.0373843361E-06    -2.2386190008E-02
    1.0390521565E-06     1.9191900852E-02
    1.0407199770E-06    -4.1397035175E-02
    1.0423877975E-06    -4.0782930278E-02
    1.0440556180E-06    -1.6719031697E-02
    1.0457234384E-06     8.2957703524E-02
    1.0473912589E-06     3.4663016575E-02
    1.0490590794E-06     4.3398878293E-02
    1.0507268999E-06     2.9355440087E-02
    1.0523947204E-06    -1.0085958287E-01
    1.0540625408E-06     1.1344872561E-02
    1.0557303613E-06    -1.1167225251E-02
    1.0573981818E-06    -1.9832101899E-03
    1.0590660023E-06     8.2387718853E-03
    1.0607338227E-06    -1.0527420274E-02
    1.0624016432E-06     1.0041960016E-02
    1.0640694637E-06    -7.9433675698E-03
    1.0657372842E-06     5.1546749577E-03
    1.0674051046E-06    -2.3309394271E-03
    1.0690729251E-06    -1.4906085384E-04
    1.0707407456E-06     1.8726972328E-03
    1.0724085661E-06    -2.9413109341E-03
    1.0740763865E-06     9.9652598257E-03
    1.0757442070E-06     1.6858082813E-02
    1.0774120275E-06     1.7597093942E-02
    1.0790798480E-06    -4.6885230911E-02
    1.0807476684E-06    -5.8790483470E-02
    1.0824154889E-06     1.1945782071E-02
    1.0840833094E-06     2.8848955330E-02
    1.0857511299E-06     1.2230742029E-02
    1.0874189503E-06     6.9935706584E-02
    1.0890867708E-06    -3.0002587402E-02
    1.0907545913E-06    -6.0388700012E-02
    1.0924224118E-06     5.6370565110E-02
    1.0940902322E-06    -4.0060541390E-02
    1.0957580527E-06     1.5552093741E-02
    1.0974258732E-06     6.9345776045E-03
    1.0990936937E-06    -2.2577763984E-02
    1.1007615142E-06     3.0051061188E-02
    1.1024293346E-06    -3.0108755319E-02
    1.1040971551E-06     2.6236444439E-02
    1.1057649756E-06    -9.8466474143E-03
    1.1074327961E-06     2.7720364900E-02
    1.1091006165E-06     1.4143978525E-02
    1.1107684370E-06    -5.8903141849E-02
    1.1124362575E-06    -5.0064061641E-02
    1.1141040780E-06     1.5245366179E-02
    1.1157718984E-06     3.0711930137E-02
    1.1174397189E-06     3.0942426029E-03
    1.1191075394E-06     9.8016415487E-02
    1.1207753599E-06    -7.8729532783E-02
    1.1224431803E-06    -1.6386185774E-02
    1.1241110008E-06     3.4478016633E-02
    1.1257788213E-06    -4.2316641750E-02
    1.1274466418E-06     3.6406505778E-02
    1.1291144622E-06    -2.4215134597E-02
    1.1307822827E-06     1.0659907375E-02
    1.1324501032E-06     1.1218128150E-03
    1.1341179237E-06    -9.5698016637E-03
    1.1357857441E-06     1.4312919486E-02
    1.1374535646E-06    -1.5504847700E-02
    1.1391213851E-06     1.4421405589E-02
    1.1407892056E-06    -1.3528523841E-02
    1.1424570261E-06     1.4851812066E-03
    1.1441248465E-06     1.0760512592E-03
    1.1457926670E-06     1.2999938617E-02
    1.1474604875E-06    -7.5880590574E-04
    1.1491283080E-06    -6.6203891194E-03
    1.1507961284E-06     1.0042597942E-02
    1.1524639489E-06    -2.9801827906E-02
    1.1541317694E-06     2.1953636459E-02
    1.1557995899E-06    -6.5789785195E-03
    1.1574674103E-06     3.1714136072E-03
    1.1591352308E-06     7.9819012271E-04
    1.1608030513E-06    -2.6157433984E-03
    1.1624708718E-06     3.1649887636E-03
    1.1641386922E-06    -2.9169507725E-03
    1.1658065127E-06     2.2751969376E-03
    1.1674743332E-06    -1.5289771966E-03
    1.1691421537E-06     8.5820283204E-04
    1.1708099741E-06    -3.6876650422E-04
    1.1724777946E-06     1.5523907546E-04
    1.1741456151E-06     4.5433378271E-04
    1.1758134356E-06    -3.9398130619E-04
    1.1774812560E-06    -3.6205192038E-03
    1.1791490765E-06     3.5316660766E-03
    1.1808168970E-06     7.5997445197E-03
    1.1824847175E-06    -1.3125847270E-02
    1.1841525380E-06     4.3697942251E-03
    1.1858203584E-06     1.2618029362E-02
    1.1874881789E-06    -3.3872471319E-02
    1.1891559994E-06     4.0222356727E-02
    1.1908238199E-06    -2.0871863938E-02
    1.1924916403E-06    -7.2155419459E-03
    1.1941594608E-06     2.9259451454E-02
    1.1958272813E-06    -4.1150791478E-02
    1.1974951018E-06     4.2328726157E-02
    1.1991629222E-06    -3.4927199459E-02
    1.2008307427E-06     2.2181479241E-02
    1.2024985632E-06    -7.3645986589E-03
    1.2041663837E-06    -6.9032528114E-03
    1.2058342041E-06     1.6984586894E-02
    1.2075020246E-06    -3.3443343159E-02
    1.2091698451E-06     2.5109551363E-02
    1.2108376656E-06    -9.8706320676E-03
    1.2125054860E-06     4.4257025299E-02
    1.2141733065E-06    -4.6946050523E-02
    1.2158411270E-06     3.7912407199E-02
    1.2175089475E-06    -3.8724178473E-02
    1.2191767679E-06    -1.2773811157E-02
    1.2208445884E-06     4.1374234522E-02
    1.2225124089E-06    -3.4491622091E-02
    1.2241802294E-06     3.0589343524E-02
    1.2258480499E-06    -2.1607961716E-02
    1.2275158703E-06     1.2620305754E-02
    1.2291836908E-06    -5.1013730932E-03
    1.2308515113E-06    -2.0984414941E-04
    1.2325193318E-06     3.2443764728E-03
    1.2341871522E-06    -4.3229497446E-03
    1.2358549727E-06     3.9241463237E-03
    1.2375227932E-06    -2.7628730944E-03
    1.2391906137E-06     7.1129079442E-04
    1.2408584341E-06     2.8070892340E-03
    1.2425262546E-06     4.5485511234E-03
    1.2441940751E-06     1.6638886120E-03
    1.2458618956E-06    -3.3133415915E-02
    1.2475297160E-06     4.8115324716E-03
    1.2491975365E-06     4.1013001721E-02
    1.2508653570E-06    -2.2582683115E-02
    1.2525331775E-06    -2.4606571437E-03
    1.2542009979E-06     5.5769368006E-02
    1.2558688184E-06    -1.0744685204E-01
    1.2575366389E-06     5.8816469199E-02
    1.2592044594E-06     3.2125207597E-02
    1.2608722798E-06    -9.1302411552E-02
    1.2625401003E-06     1.1116621031E-01
    1.2642079208E-06    -9.5670076802E-02
    1.2658757413E-06     5.7669429355E-02
    1.2675435618E-06    -1.1407753112E-02
    1.2692113822E-06    -3.1014488679E-02
    1.2708792027E-06     6.6167649091E-02
    1.2725470232E-06    -6.5359008786E-02
    1.2742148437E-06     1.1188609664E-01
    1.2758826641E-06    -9.0976756706E-02
    1.2775504846E-06    -4.5401945296E-02
    1.2792183051E-06    -4.4394667764E-02
    1.2808861256E-06     9.3463923581E-02
    1.2825539460E-06    -3.8671022602E-02
    1.2842217665E-06     7.9877448341E-02
    1.2858895870E-06     7.2504563237E-02
    1.2875574075E-06    -2.2292999922E-01
    1.2892252279E-06     1.8561074614E-01
    1.2908930484E-06    -1.1592270532E-01
    1.2925608689E-06     4.3190354798E-02
    1.2942286894E-06     1.6840429258E-02
    1.2958965098E-06    -5.5192199230E-02
    1.2975643303E-06     7.1646936005E-02
    1.2992321508E-06    -7.0343607067E-02
    1.3008999713E-06     5.7121804575E-02
    1.3025677917E-06    -3.8558742343E-02
    1.3042356122E-06     1.1536203694E-02
    1.3059034327E-06    -2.9167842323E-02
    1.3075712532E-06    -8.2626491459E-02
    1.3092390737E-06    -1.0134923582E-02
    1.3109068941E-06     6.7058401073E-02
    1.3125747146E-06     1.2541372153E-01
    1.3142425351E-06    -2.0398435620E-02
    1.3159103556E-06     3.8709150983E-02
    1.3175781760E-06    -3.1771500958E-02
    1.3192459965E-06    -5.6404276867E-02
    1.3209138170E-06     2.9979896901E-02
    1.3225816375E-06     3.9156729376E-02
    1.3242494579E-06    -6.3284161517E-02
    1.3259172784E-06    -4.6726706538E-02
    1.3275850989E-06     1.0102887468E-01
    1.3292529194E-06    -1.0653684172E-01
    1.3309207398E-06     7.3560645303E-02
    1.3325885603E-06    -2.3042460777E-02
    1.3342563808E-06    -2.5947553341E-02
    1.3359242013E-06     6.0907792063E-02
    1.3375920217E-06    -7.6385197169E-02
    1.3392598422E-06     7.6039534811E-02
    1.3409276627E-06    -4.4544770472E-02
    1.3425954832E-06     5.7735012198E-02
    1.3442633036E-06    -8.3564381281E-03
    1.3459311241E-06    -1.0580591218E-01
    1.3475989446E-06     1.2086558168E-03
    1.3492667651E-06     2.0894965284E-02
    1.3509345856E-06     4.2131403854E-02
    1.3526024060E-06    -8.5641704875E-03
    1.3542702265E-06     1.3221973169E-01
    1.3559380470E-06    -1.8191809729E-01
    1.3576058675E-06     5.6071784235E-02
    1.3592736879E-06     5.0068593454E-02
    1.3609415084E-06    -1.1496849660E-01
    1.3626093289E-06     1.3093970055E-01
    1.3642771494E-06    -1.0854909465E-01
    1.3659449698E-06     6.4761833311E-02
    1.3676127903E-06    -1.5870759835E-02
    1.3692806108E-06    -2.5987137031E-02
    1.3709484313E-06     5.4568071523E-02
    1.3726162517E-06    -6.4318703139E-02
    1.3742840722E-06     6.6316113074E-02
    1.3759518927E-06    -5.5996215331E-02
    1.3776197132E-06     1.5266877442E-02
    1.3792875336E-06    -1.4441479177E-04
    1.3809553541E-06     6.0888410700E-03
    1.3826231746E-06     1.9912067565E-02
    1.3842909951E-06    -3.8561889862E-02
    1.3859588155E-06     6.7053216786E-02
    1.3876266360E-06    -1.0786519966E-01
    1.3892944565E-06     9.7263138343E-02
    1.3909622770E-06    -5.4904998906E-02
    1.3926300975E-06     1.6075397199E-02
    1.3942979179E-06     1.5436324537E-02
    1.3959657384E-06    -3.5322762291E-02
    1.3976335589E-06     4.3916595776E-02
    1.3993013794E-06    -4.3585782748E-02
    1.4009691998E-06     3.7433456987E-02
    1.4026370203E-06    -2.8430703286E-02
    1.4043048408E-06     1.8927611987E-02
    1.4059726613E-06    -1.0669082808E-02
    1.4076404817E-06     4.4675435952E-03
    1.4093083022E-06     8.2910870455E-04
    1.4109761227E-06    -2.6306404443E-03
    1.4126439432E-06    -5.9830803310E-03
    1.4143117636E-06     1.0544079359E-02
    1.4159795841E-06     9.8098684781E-03
    1.4176474046E-06    -3.2808985517E-02
    1.4193152251E-06     2.7990211676E-02
    1.4209830455E-06     1.0863004659E-02
    1.4226508660E-06    -7.6672982995E-02
    1.4243186865E-06     1.2436898101E-01
    1.4259865070E-06    -1.0781402801E-01
    1.4276543274E-06     3.7465061270E-02
    1.4293221479E-06     4.8401149440E-02
    1.4309899684E-06    -1.1839226783E-01
    1.4326577889E-06     1.5402113650E-01
    1.4343256094E-06    -1.5074996955E-01
    1.4359934298E-06     1.1478245291E-01
    1.4376612503E-06    -5.6752681678E-02
    1.4393290708E-06    -2.7167750997E-03
    1.4409968913E-06     6.7036659594E-02
    1.4426647117E-06    -1.3422765705E-01
    1.4443325322E-06     1.1950182980E-01
    1.4460003527E-06    -8.6976226813E-02
    1.4476681732E-06     1.3928072964E-01
    1.4493359936E-06    -1.6764834818E-01
    1.4510038141E-06     1.8103357241E-01
    1.4526716346E-06    -1.5883245570E-01
    1.4543394551E-06     4.1399494391E-03
    1.4560072755E-06     1.5460992858E-01
    1.4576750960E-06    -2.2702109475E-01
    1.4593429165E-06     2.3751883962E-01
    1.4610107370E-06    -1.9967749470E-01
    1.4626785574E-06     1.3606443980E-01
    1.4643463779E-06    -6.6613046244E-02
    1.4660141984E-06     5.6333681492E-03
    1.4676820189E-06     3.8830932630E-02
    1.4693498393E-06    -6.4890351892E-02
    1.4710176598E-06     6.6945231158E-02
    1.4726854803E-06    -8.9808999658E-02
    1.4743533008E-06     6.7746232583E-03
    1.4760211213E-06    -2.8547977349E-02
    1.4776889417E-06     8.5227753150E-02
    1.4793567622E-06     3.0633143374E-02
    1.4810245827E-06    -2.2777788175E-02
    1.4826924032E-06     7.9086196376E-02
    1.4843602236E-06    -5.7088162721E-02
    1.4860280441E-06    -3.9750036793E-02
    1.4876958646E-06     2.0653048171E-02
    1.4893636851E-06     4.6256378349E-02
    1.4910315055E-06    -1.7260960919E-01
    1.4926993260E-06     1.7056137375E-01
    1.4943671465E-06    -2.6425589175E-02
    1.4960349670E-06    -1.4504323508E-01
    1.4977027874E-06     2.6427235987E-01
    1.4993706079E-06    -2.9385764055E-01
    1.5010384284E-06     2.3669659923E-01
    1.5027062489E-06    -1.2107413280E-01
    1.5043740693E-06    -1.5006524099E-02
    1.5060418898E-06     1.4367914490E-01
    1.5077097103E-06    -2.0056496875E-01
    1.5093775308E-06     2.9749565269E-01
    1.5110453512E-06    -3.0980669061E-01
    1.5127131717E-06     5.5223357140E-02
    1.5143809922E-06    -3.5952209647E-02
    1.5160488127E-06     1.2791615880E-01
    1.5177166332E-06    -9.0182583283E-02
    1.5193844536E-06     1.3957766979E-01
    1.5210522741E-06     7.8113012283E-02
    1.5227200946E-06    -4.7472265501E-01
    1.5243879151E-06     6.2508152876E-01
    1.5260557355E-06    -5.3878749909E-01
    1.5277235560E-06     3.1634076713E-01
    1.5293913765E-06    -5.4492123995E-02
    1.5310591970E-06    -1.7000354196E-01
    1.5327270174E-06     3.1475624586E-01
    1.5343948379E-06    -3.6890810871E-01
    1.5360626584E-06     3.4496491277E-01
    1.5377304789E-06    -2.5919493152E-01
    1.5393982993E-06     1.7999079911E-01
    1.5410661198E-06    -2.5274867987E-02
    1.5427339403E-06    -1.0367421889E-01
    1.5444017608E-06     4.8201058022E-02
    1.5460695812E-06    -5.7852429174E-02
    1.5477374017E-06     1.2834457851E-01
    1.5494052222E-06    -2.3905045614E-01
    1.5510730427E-06     2.6972059537E-01
    1.5527408631E-06    -1.4395288314E-01
    1.5544086836E-06    -1.1856489423E-02
    1.5560765041E-06     1.9062958155E-01
    1.5577443246E-06    -1.6745280060E-01
    1.5594121451E-06     8.2927720356E-02
    1.5610799655E-06    -1.4368635760E-01
    1.5627477860E-06     2.1873560659E-01
    1.5644156065E-06    -2.4287496470E-01
    1.5660834270E-06     1.9391396908E-01
    1.5677512474E-06    -8.8572817368E-02
    1.5694190679E-06    -3.7709505680E-02
    1.5710868884E-06     1.4727236939E-01
    1.5727547089E-06    -2.2247423815E-01
    1.5744225293E-06     2.3707546480E-01
    1.5760903498E-06    -1.7918904077E-01
    1.5777581703E-06     1.9010759389E-01
    1.5794259908E-06    -1.0901131497E-01
    1.5810938112E-06    -1.2760239609E-01
    1.5827616317E-06     1.0387413514E-01
    1.5844294522E-06    -6.7868172192E-02
    1.5860972727E-06     1.1758972489E-01
    1.5877650931E-06    -5.0083577946E-02
    1.5894329136E-06     1.6758326284E-01
    1.5911007341E-06    -2.9993147478E-01
    1.5927685546E-06     1.8056479193E-01
    1.5944363750E-06     4.9402645712E-02
    1.5961041955E-06    -2.5944061827E-01
    1.5977720160E-06     3.6907028072E-01
    1.5994398365E-06    -3.5796041148E-01
    1.6011076570E-06     2.5075805797E-01
    1.6027754774E-06    -9.4060518209E-02
    1.6044432979E-06    -6.3481339091E-02
    1.6061111184E-06     1.8569228099E-01
    1.6077789389E-06    -2.4630445804E-01
    1.6094467593E-06     2.5257241840E-01
    1.6111145798E-06    -2.1137433444E-01
    1.6127824003E-06     1.0313079763E-01
    1.6144502208E-06    -1.7383519509E-03
    1.6161180412E-06    -5.9928737058E-02
    1.6177858617E-06     1.4824290118E-01
    1.6194536822E-06    -2.3264849172E-01
    1.6211215027E-06     3.0905906142E-01
    1.6227893231E-06    -3.7564185854E-01
    1.6244571436E-06     3.4021555460E-01
    1.6261249641E-06    -1.9774881770E-01
    1.6277927846E-06     1.7025667272E-02
    1.6294606050E-06     1.4986713606E-01
    1.6311284255E-06    -2.6793422272E-01
    1.6327962460E-06     3.2362482514E-01
    1.6344640665E-06    -3.2061370094E-01
    1.6361318869E-06     2.7302940459E-01
    1.6377997074E-06    -2.0106464890E-01
    1.6394675279E-06     1.1420499072E-01
    1.6411353484E-06    -4.6909766310E-02
    1.6428031689E-06    -2.1543688247E-03
    1.6444709893E-06     6.6192528429E-02
    1.6461388098E-06    -8.7917900891E-02
    1.6478066303E-06     7.1396779285E-02
    1.6494744508E-06    -4.8482142610E-02
    1.6511422712E-06     3.1647192035E-02
    1.6528100917E-06    -6.1607142213E-02
    1.6544779122E-06     7.8368643001E-02
    1.6561457327E-06    -1.3672832718E-02
    1.6578135531E-06    -1.3749359176E-01
    1.6594813736E-06     3.0296297735E-01
    1.6611491941E-06    -3.5275031382E-01
    1.6628170146E-06     2.3607276317E-01
    1.6644848350E-06    -1.6864971039E-03
    1.6661526555E-06    -2.5881918327E-01
    1.6678204760E-06     4.5754422456E-01
    1.6694882965E-06    -5.3909542744E-01
    1.6711561169E-06     4.8984428307E-01
    1.6728239374E-06    -3.2712381698E-01
    1.6744917579E-06     1.1561429300E-01
    1.6761595784E-06     1.3607178768E-01
    1.6778273988E-06    -4.0452450268E-01
    1.6794952193E-06     4.7080005542E-01
    1.6811630398E-06    -4.0471265586E-01
    1.6828308603E-06     4.4116894527E-01
    1.6844986808E-06    -4.9389641328E-01
    1.6861665012E-06     5.5825170920E-01
    1.6878343217E-06    -5.2603314020E-01
    1.6895021422E-06     1.5113682000E-01
    1.6911699627E-06     4.1332561392E-01
    1.6928377831E-06    -8.7584409078E-01
    1.6945056036E-06     1.1033899568E+00
    1.6961734241E-06    -1.0690551273E+00
    1.6978412446E-06     8.2634564495E-01
    1.6995090650E-06    -4.6724187350E-01
    1.7011768855E-06     8.6899267908E-02
    1.7028447060E-06     2.3935604669E-01
    1.7045125265E-06    -4.6321438080E-01
    1.7061803469E-06     5.7267048632E-01
    1.7078481674E-06    -6.1059413899E-01
    1.7095159879E-06     4.0067476466E-01
    1.7111838084E-06    -3.0499276646E-01
    1.7128516288E-06     3.4937272437E-01
    1.7145194493E-06    -1.2731557198E-01
