    1.5010384284E-09     0.0000000000E+00
    3.0020768568E-09     0.0000000000E+00
    4.5031152852E-09     0.0000000000E+00
    6.0041537136E-09     0.0000000000E+00
    7.5051921420E-09     0.0000000000E+00
    9.0062305704E-09     0.0000000000E+00
    1.0507268999E-08     0.0000000000E+00
    1.2008307427E-08     0.0000000000E+00
    1.3509345856E-08     0.0000000000E+00
    1.5010384284E-08     0.0000000000E+00
    1.6511422712E-08     0.0000000000E+00
    1.8012461141E-08     0.0000000000E+00
    1.9513499569E-08     0.0000000000E+00
    2.1014537997E-08     0.0000000000E+00
    2.2515576426E-08     0.0000000000E+00
    2.4016614854E-08     0.0000000000E+00
    2.5517653283E-08     0.0000000000E+00
    2.7018691711E-08     0.0000000000E+00
    2.8519730139E-08     1.8194724928E-08
    3.0020768568E-08     4.4017652196E-06
    3.1521806996E-08     1.3313035737E-04
    3.3022845425E-08     5.3852776833E-04
    3.4523883853E-08     1.5128294460E-04
    3.6024922281E-08    -2.2050287323E-03
    3.7525960710E-08    -2.0354226476E-03
    3.9026999138E-08     3.9535554074E-03
    4.0528037567E-08     3.7064549476E-03
    4.2029075995E-08    -5.5778084280E-03
    4.3530114423E-08    -1.2556909834E-03
    4.5031152852E-08     8.2069213043E-03
    4.6532191280E-08    -5.6811950618E-03
    4.8033229709E-08    -8.9757151712E-03
    4.9534268137E-08     1.3758391441E-02
    5.1035306565E-08     2.8525206181E-03
    5.2536344994E-08    -1.7560283797E-02
    5.4037383422E-08     9.1962173347E-03
    5.5538421850E-08     1.1477569322E-02
    5.7039460279E-08    -1.8409833010E-02
    5.8540498707E-08     3.6275738456E-03
    6.0041537136E-08     1.5167401178E-02
    6.1542575564E-08    -1.6949230496E-02
    6.3043613992E-08     5.3296965008E-04
    6.4544652421E-08     1.6007416177E-02
    6.6045690849E-08    -1.5691404882E-02
    6.7546729278E-08    -3.4421533558E-04
    6.9047767706E-08     1.5496002204E-02
    7.0548806134E-08    -1.5093344403E-02
    7.2049844563E-08     2.8782027955E-04
    7.3550882991E-08     1.4239708604E-02
    7.5051921420E-08    -1.4959127547E-02
    7.6552959848E-08     1.8734933093E-03
    7.8053998276E-08     1.2420765097E-02
    7.9555036705E-08    -1.4950938962E-02
    8.1056075133E-08     3.9992787843E-03
    8.2557113562E-08     1.0085646689E-02
    8.4058151990E-08    -1.4744705019E-02
    8.5559190418E-08     6.3215692389E-03
    8.7060228847E-08     7.2811001726E-03
    8.8561267275E-08    -1.4081040078E-02
    9.0062305704E-08     8.5269004402E-03
    9.1563344132E-08     4.1109312978E-03
    9.3064382560E-08    -1.2789181861E-02
    9.4565420989E-08     1.0325643582E-02
    9.6066459417E-08     7.5136006072E-04
    9.7567497845E-08    -1.0802158227E-02
    9.9068536274E-08     1.1467103684E-02
    1.0056957470E-07    -2.5584212899E-03
    1.0207061313E-07    -8.1640155819E-03
    1.0357165156E-07     1.1764591572E-02
    1.0507268999E-07    -5.5421170419E-03
    1.0657372842E-07    -5.0262359969E-03
    1.0807476684E-07     1.1121049411E-02
    1.0957580527E-07    -7.9224561161E-03
    1.1107684370E-07    -1.6312429583E-03
    1.1257788213E-07     9.5477283696E-03
    1.1407892056E-07    -9.4614238447E-03
    1.1557995899E-07     1.7168777387E-03
    1.1708099741E-07     7.1704900843E-03
    1.1858203584E-07    -9.9981255948E-03
    1.2008307427E-07     4.6918050033E-03
    1.2158411270E-07     4.2207377637E-03
    1.2308515113E-07    -9.4780315561E-03
    1.2458618956E-07     6.9896413227E-03
    1.2608722798E-07     1.0094995092E-03
    1.2758826641E-07    -7.9780337303E-03
    1.2908930484E-07     8.3159731812E-03
    1.3059034327E-07    -2.3665252180E-03
    1.3209138170E-07    -6.5917626228E-03
    1.3359242013E-07     6.1013700900E-03
    1.3509345856E-07    -1.0356139475E-02
    1.3659449698E-07    -1.1545139581E-02
    1.3809553541E-07    -2.5755114640E-04
    1.3959657384E-07    -6.2304414751E-03
    1.4109761227E-07     1.6796657042E-02
    1.4259865070E-07     3.5220231643E-02
    1.4409968913E-07     1.4498460943E-02
    1.4560072755E-07    -4.1422912360E-04
    1.4710176598E-07    -2.0961460643E-02
    1.4860280441E-07    -2.9229137617E-02
    1.5010384284E-07     2.6113517653E-03
    1.5160488127E-07     8.2169229971E-03
    1.5310591970E-07    -2.9737469253E-03
    1.5460695812E-07     9.6067443073E-03
    1.5610799655E-07     2.2128862519E-03
    1.5760903498E-07    -1.0651902786E-02
    1.5911007341E-07    -2.9768654435E-03
    1.6061111184E-07     3.0165596075E-03
    1.6211215027E-07     1.1575253181E-02
    1.6361318869E-07    -1.9254962494E-03
    1.6511422712E-07    -2.0932034204E-02
    1.6661526555E-07     1.1699329768E-02
    1.6811630398E-07     1.9660215643E-02
    1.6961734241E-07    -2.1892898954E-02
    1.7111838084E-07    -8.3496272443E-03
    1.7261941927E-07     2.2629898211E-02
    1.7412045769E-07    -1.8833478279E-03
    1.7562149612E-07    -1.7165258627E-02
    1.7712253455E-07     5.4626256231E-03
    1.7862357298E-07     1.4409340228E-02
    1.8012461141E-07    -8.6596617377E-03
    1.8162564984E-07    -1.3908423622E-02
    1.8312668826E-07     1.7174282100E-02
    1.8462772669E-07     6.4337904487E-03
    1.8612876512E-07    -2.4291837884E-02
    1.8762980355E-07     1.0384061479E-02
    1.8913084198E-07     1.8236561809E-02
    1.9063188041E-07    -2.4693109863E-02
    1.9213291883E-07     9.1545657046E-04
    1.9363395726E-07     2.3149141926E-02
    1.9513499569E-07    -1.8695439818E-02
    1.9663603412E-07    -6.9385595841E-03
    1.9813707255E-07     2.1954782795E-02
    1.9963811098E-07    -1.0037957811E-02
    2.0113914940E-07    -1.1877490635E-02
    2.0264018783E-07     1.6925593916E-02
    2.0414122626E-07    -1.1325129508E-03
    2.0564226469E-07    -1.4226799576E-02
    2.0714330312E-07     1.0279030366E-02
    2.0864434155E-07     6.8852419924E-03
    2.1014537997E-07    -1.4821325714E-02
    2.1164641840E-07     3.3774553019E-03
    2.1314745683E-07     1.3220536991E-02
    2.1464849526E-07    -1.4420970191E-02
    2.1614953369E-07    -2.4149254823E-03
    2.1765057212E-07     1.8122307373E-02
    2.1915161055E-07    -1.3542123671E-02
    2.2065264897E-07    -7.1518551142E-03
    2.2215368740E-07     2.0966317720E-02
    2.2365472583E-07    -1.2317493865E-02
    2.2515576426E-07    -9.9179318562E-03
    2.2665680269E-07     2.2104773328E-02
    2.2815784112E-07    -1.1312092774E-02
    2.2965887954E-07    -1.1054775351E-02
    2.3115991797E-07     2.1905222668E-02
    2.3266095640E-07    -1.0584277413E-02
    2.3416199483E-07    -1.0982346182E-02
    2.3566303326E-07     2.1000332133E-02
    2.3716407169E-07    -9.8172633854E-03
    2.3866511011E-07    -1.0587576645E-02
    2.4016614854E-07     1.9334817168E-02
    2.4166718697E-07    -8.4217431548E-03
    2.4316822540E-07    -9.7919324258E-03
    2.4466926383E-07     1.6762854741E-02
    2.4617030226E-07    -6.9208946090E-03
    2.4767134068E-07    -8.4510000148E-03
    2.4917237911E-07     1.4193881858E-02
    2.5067341754E-07    -5.9074600899E-03
    2.5217445597E-07    -7.3303794356E-03
    2.5367549440E-07     1.2558803082E-02
    2.5517653283E-07    -5.1128457100E-03
    2.5667757125E-07    -7.2428222564E-03
    2.5817860968E-07     1.1894660528E-02
    2.5967964811E-07    -4.0051606866E-03
    2.6118068654E-07    -8.1994937859E-03
    2.6268172497E-07     1.1693653692E-02
    2.6418276340E-07    -2.5414715536E-03
    2.6568380183E-07    -9.5637715542E-03
    2.6718484025E-07     1.1574803381E-02
    2.6868587868E-07    -1.1999633303E-03
    2.7018691711E-07    -1.0630125507E-02
    2.7168795554E-07     1.1509803251E-02
    2.7318899397E-07    -5.7075538676E-04
    2.7469003240E-07    -1.0980524429E-02
    2.7619107082E-07     1.1647226392E-02
    2.7769210925E-07    -1.0046265033E-03
    2.7919314768E-07    -1.0503087011E-02
    2.8069418611E-07     1.2069555169E-02
    2.8219522454E-07    -2.5121240156E-03
    2.8369626297E-07    -9.2556804513E-03
    2.8519730139E-07     1.2685351505E-02
    2.8669833982E-07    -4.8457199488E-03
    2.8819937825E-07    -7.3492680213E-03
    2.8970041668E-07     1.3266687927E-02
    2.9120145511E-07    -7.6330722287E-03
    2.9270249354E-07    -4.9109849443E-03
    2.9420353196E-07     1.3549115095E-02
    2.9570457039E-07    -1.0483246179E-02
    2.9720560882E-07    -2.1102513805E-03
    2.9870664725E-07     1.3300616225E-02
    3.0020768568E-07    -1.3065755511E-02
    3.0170872411E-07     8.1403213157E-04
    3.0320976254E-07     1.2423973144E-02
    3.0471080096E-07    -1.4930542601E-02
    3.0621183939E-07     3.9522619246E-03
    3.0771287782E-07     1.1382659385E-02
    3.0921391625E-07    -1.5525090233E-02
    3.1071495468E-07     6.7068625480E-03
    3.1221599311E-07     8.8184759929E-03
    3.1371703153E-07    -1.6870808020E-02
    3.1521806996E-07     7.4898720639E-03
    3.1671910839E-07     6.1138519522E-03
    3.1822014682E-07    -1.4645048773E-02
    3.1972118525E-07     1.1096617723E-02
    3.2122222368E-07     4.6098740618E-03
    3.2272326210E-07    -1.3884554821E-02
    3.2422430053E-07     9.7044676224E-03
    3.2572533896E-07     7.8187943751E-04
    3.2722637739E-07    -1.0682858245E-02
    3.2872741582E-07     1.1383800107E-02
    3.3022845425E-07    -1.2676344527E-03
    3.3172949267E-07    -8.9145375883E-03
    3.3323053110E-07     1.0129482143E-02
    3.3473156953E-07    -3.0970313630E-03
    3.3623260796E-07    -5.7590774131E-03
    3.3773364639E-07     9.1053525312E-03
    3.3923468482E-07    -4.5477601824E-03
    3.4073572324E-07    -3.0012041630E-03
    3.4223676167E-07     7.3080646707E-03
    3.4373780010E-07    -5.9082833550E-03
    3.4523883853E-07    -1.6112626576E-04
    3.4673987696E-07     6.3702860741E-03
    3.4824091539E-07    -6.7511557466E-03
    3.4974195382E-07     8.1245554652E-04
    3.5124299224E-07     4.9312847401E-03
    3.5274403067E-07    -5.3908338660E-03
    3.5424506910E-07     2.1271643556E-03
    3.5574610753E-07     1.5751521441E-03
    3.5724714596E-07    -4.6037529977E-03
    3.5874818439E-07     5.1152847333E-03
    3.6024922281E-07    -8.1975684280E-04
    3.6175026124E-07    -5.9620148768E-03
    3.6325129967E-07     6.3175169306E-03
    3.6475233810E-07    -2.4192932716E-03
    3.6625337653E-07    -9.8212136030E-03
    3.6775441496E-07     1.2191109339E-05
    3.6925545338E-07    -8.3108857228E-03
    3.7075649181E-07    -8.8331076191E-03
    3.7225753024E-07     9.8101734107E-03
    3.7375856867E-07     1.5935214707E-02
    3.7525960710E-07     2.5422639392E-02
    3.7676064553E-07     2.2525842235E-02
    3.7826168395E-07    -1.2804041361E-02
    3.7976272238E-07    -2.5472277595E-02
    3.8126376081E-07    -1.5590803414E-02
    3.8276479924E-07    -1.0201596899E-02
    3.8426583767E-07     1.2626186624E-02
    3.8576687610E-07     1.5587807194E-02
    3.8726791453E-07    -9.7807076113E-03
    3.8876895295E-07    -3.6475771726E-04
    3.9026999138E-07     6.2042577418E-03
    3.9177102981E-07    -1.4133841505E-02
    3.9327206824E-07     1.2728194334E-03
    3.9477310667E-07     1.6445933213E-02
    3.9627414510E-07    -5.2955475024E-03
    3.9777518352E-07    -1.0762755473E-02
    3.9927622195E-07     2.0079301823E-04
    4.0077726038E-07     9.9208081261E-03
    4.0227829881E-07     7.0283986441E-03
    4.0377933724E-07    -1.9081971012E-02
    4.0528037567E-07    -3.6863554778E-03
    4.0678141409E-07     2.8208631459E-02
    4.0828245252E-07    -1.2068077024E-02
    4.0978349095E-07    -2.3760541270E-02
    4.1128452938E-07     2.6869596936E-02
    4.1278556781E-07     5.9287848943E-03
    4.1428660624E-07    -2.7147175950E-02
    4.1578764466E-07     1.0772981520E-02
    4.1728868309E-07     1.4996570310E-02
    4.1878972152E-07    -1.4953308215E-02
    4.2029075995E-07    -4.2217662420E-03
    4.2179179838E-07     1.1153836748E-02
    4.2329283681E-07     1.7652136547E-03
    4.2479387523E-07    -1.1002576026E-02
    4.2629491366E-07     2.1743151781E-04
    4.2779595209E-07     1.5091095196E-02
    4.2929699052E-07    -1.0517496892E-02
    4.3079802895E-07    -1.1395428569E-02
    4.3229906738E-07     2.2624683487E-02
    4.3380010581E-07    -6.2722103305E-03
    4.3530114423E-07    -2.0177415101E-02
    4.3680218266E-07     2.5011907214E-02
    4.3830322109E-07    -1.0420179487E-03
    4.3980425952E-07    -2.5031880389E-02
    4.4130529795E-07     2.3692876887E-02
    4.4280633638E-07     3.6417725730E-03
    4.4430737480E-07    -2.6338703425E-02
    4.4580841323E-07     1.9735263087E-02
    4.4730945166E-07     7.2682819059E-03
    4.4881049009E-07    -2.4471537437E-02
    4.5031152852E-07     1.4487313129E-02
    4.5181256695E-07     9.7915537082E-03
    4.5331360537E-07    -2.0884827486E-02
    4.5481464380E-07     8.1492636598E-03
    4.5631568223E-07     1.1623929137E-02
    4.5781672066E-07    -1.5795538878E-02
    4.5931775909E-07     1.6291667128E-03
    4.6081879752E-07     1.2711801758E-02
    4.6231983594E-07    -1.0514356319E-02
    4.6382087437E-07    -4.6732752167E-03
    4.6532191280E-07     1.3165472535E-02
    4.6682295123E-07    -6.8896696228E-03
    4.6832398966E-07    -1.2660875148E-02
    4.6982502809E-07     1.0139607445E-02
    4.7132606651E-07    -7.3034032855E-03
    4.7282710494E-07    -1.6908114276E-02
    4.7432814337E-07     2.2404482729E-02
    4.7582918180E-07     1.6414532579E-02
    4.7733022023E-07    -1.4038218286E-03
    4.7883125866E-07     2.3046877437E-02
    4.8033229709E-07    -9.6388299168E-03
    4.8183333551E-07    -3.9590603361E-02
    4.8333437394E-07     1.1024077819E-02
    4.8483541237E-07     8.2896350852E-03
    4.8633645080E-07    -1.5884500539E-02
    4.8783748923E-07     1.9995370660E-02
    4.8933852766E-07     2.2199019994E-03
    4.9083956608E-07    -2.0406979264E-02
    4.9234060451E-07     1.5717484034E-02
    4.9384164294E-07    -4.8330855944E-03
    4.9534268137E-07    -1.2626959368E-02
    4.9684371980E-07     2.9140167146E-02
    4.9834475823E-07    -1.2679170398E-02
    4.9984579665E-07    -2.7787086821E-02
    5.0134683508E-07     3.5564813304E-02
    5.0284787351E-07     3.7230522423E-03
    5.0434891194E-07    -3.4692880139E-02
    5.0584995037E-07     1.7946605824E-02
    5.0735098880E-07     1.5183473651E-02
    5.0885202722E-07    -1.9317954144E-02
    5.1035306565E-07     4.6321930667E-04
    5.1185410408E-07     7.3279813466E-03
    5.1335514251E-07     4.8949021239E-04
    5.1485618094E-07    -1.3466488138E-03
    5.1635721937E-07    -9.0481694584E-03
    5.1785825780E-07     9.2920273863E-03
    5.1935929622E-07     8.5023171607E-03
    5.2086033465E-07    -2.0606745450E-02
    5.2236137308E-07     5.7547150501E-03
    5.2386241151E-07     2.0207880866E-02
    5.2536344994E-07    -2.2651905302E-02
    5.2686448837E-07    -4.3634226054E-03
    5.2836552679E-07     2.7585541438E-02
    5.2986656522E-07    -1.7086913724E-02
    5.3136760365E-07    -1.5182326825E-02
    5.3286864208E-07     2.9184956380E-02
    5.3436968051E-07    -8.0919344208E-03
    5.3587071894E-07    -2.3245961218E-02
    5.3737175736E-07     2.6903200304E-02
    5.3887279579E-07     1.6364034390E-03
    5.4037383422E-07    -2.6971552078E-02
    5.4187487265E-07     2.2797695141E-02
    5.4337591108E-07     8.9753456321E-03
    5.4487694951E-07    -2.9511941285E-02
    5.4637798793E-07     1.4721890536E-02
    5.4787902636E-07     1.1739180522E-02
    5.4938006479E-07    -2.7543761965E-02
    5.5088110322E-07     1.2260434568E-02
    5.5238214165E-07     1.7635487238E-02
    5.5388318008E-07    -2.2018304793E-02
    5.5538421850E-07     5.3356878540E-03
    5.5688525693E-07     1.3114054710E-02
    5.5838629536E-07    -1.9053718981E-02
    5.5988733379E-07     3.1772837083E-03
    5.6138837222E-07     1.4906076908E-02
    5.6288941065E-07    -1.2137503892E-02
    5.6439044908E-07    -2.9287348868E-03
    5.6589148750E-07     1.0587445225E-02
    5.6739252593E-07    -4.9537184699E-03
    5.6889356436E-07    -5.8592417919E-03
    5.7039460279E-07     8.0025630534E-03
    5.7189564122E-07     1.9672228294E-03
    5.7339667965E-07    -1.0312962830E-02
    5.7489771807E-07     4.8111258254E-03
    5.7639875650E-07     8.7028868839E-03
    5.7789979493E-07    -1.4289029737E-02
    5.7940083336E-07     3.3440472359E-03
    5.8090187179E-07     1.5181265138E-02
    5.8240291022E-07    -2.0027650679E-02
    5.8390394864E-07     1.1998150019E-03
    5.8540498707E-07     2.2563954732E-02
    5.8690602550E-07    -2.2971784623E-02
    5.8840706393E-07    -1.9691489040E-03
    5.8990810236E-07     2.5190484434E-02
    5.9140914079E-07    -2.3241988870E-02
    5.9291017921E-07    -4.6331141846E-04
    5.9441121764E-07     2.3757200249E-02
    5.9591225607E-07    -2.6277388328E-02
    5.9741329450E-07     4.3704450442E-03
    5.9891433293E-07     2.3807022308E-02
    6.0041537136E-07    -3.0573031654E-02
    6.0191640979E-07     6.6800644129E-03
    6.0341744821E-07     2.4468942025E-02
    6.0491848664E-07    -3.0289511667E-02
    6.0641952507E-07     6.3739793272E-03
    6.0792056350E-07     2.0288598996E-02
    6.0942160193E-07    -2.4722139980E-02
    6.1092264036E-07     8.4212702361E-03
    6.1242367878E-07     1.0099941504E-02
    6.1392471721E-07    -1.8284471885E-02
    6.1542575564E-07     1.5200221128E-02
    6.1692679407E-07    -2.4758845157E-03
    6.1842783250E-07    -1.5224741107E-02
    6.1992887093E-07     2.4344538566E-02
    6.2142990935E-07    -1.2197891683E-02
    6.2293094778E-07    -1.5242084635E-02
    6.2443198621E-07     3.0801235262E-02
    6.2593302464E-07    -1.8599963779E-02
    6.2743406307E-07    -1.7386943929E-02
    6.2893510150E-07     2.8900820072E-02
    6.3043613992E-07    -2.6919804432E-02
    6.3193717835E-07    -2.1264562666E-02
    6.3343821678E-07     2.4604379425E-02
    6.3493925521E-07    -1.7574514724E-02
    6.3644029364E-07     1.6409851682E-02
    6.3794133207E-07     7.3474165875E-02
    6.3944237049E-07     3.4299332681E-02
    6.4094340892E-07     3.0626356216E-02
    6.4244444735E-07    -1.9050701720E-02
    6.4394548578E-07    -1.4869543415E-01
    6.4544652421E-07    -1.4804856256E-01
    6.4694756264E-07    -5.5770239019E-02
    6.4844860107E-07     8.3542815412E-02
    6.4994963949E-07     2.6674859513E-01
    6.5145067792E-07     2.2050033273E-01
    6.5295171635E-07    -5.2657758940E-02
    6.5445275478E-07    -2.4632630521E-01
    6.5595379321E-07    -2.5914483155E-01
    6.5745483164E-07    -3.2499372885E-02
    6.5895587006E-07     2.6263779754E-01
    6.6045690849E-07     2.1487281718E-01
    6.6195794692E-07    -6.1856634903E-02
    6.6345898535E-07    -1.7902211376E-01
    6.6496002378E-07    -1.0408241114E-01
    6.6646106221E-07     6.3557832438E-02
    6.6796210063E-07     1.3892581377E-01
    6.6946313906E-07     7.8750538719E-03
    6.7096417749E-07    -7.6996935589E-02
    6.7246521592E-07    -1.8374746736E-02
    6.7396625435E-07    -4.4964526314E-03
    6.7546729278E-07    -1.1846435520E-03
    6.7696833120E-07     4.9175652773E-02
    6.7846936963E-07     3.1960266810E-02
    6.7997040806E-07    -4.8082604548E-02
    6.8147144649E-07    -7.0249351402E-02
    6.8297248492E-07     2.7026602181E-02
    6.8447352335E-07     1.0695454550E-01
    6.8597456177E-07    -1.1324024451E-02
    6.8747560020E-07    -1.2651301183E-01
    6.8897663863E-07     3.6791964816E-03
    6.9047767706E-07     1.2460027498E-01
    6.9197871549E-07     6.1437331559E-03
    6.9347975392E-07    -1.1480823378E-01
    6.9498079235E-07    -1.8987080966E-02
    6.9648183077E-07     1.1239018832E-01
    6.9798286920E-07     2.2049892716E-02
    6.9948390763E-07    -1.1567467827E-01
    7.0098494606E-07    -5.8480263879E-03
    7.0248598449E-07     1.0912768881E-01
    7.0398702292E-07    -2.1491374986E-02
    7.0548806134E-07    -8.3237147520E-02
    7.0698909977E-07     4.0482743535E-02
    7.0849013820E-07     4.5045654690E-02
    7.0999117663E-07    -4.0145603998E-02
    7.1149221506E-07    -1.0526292691E-02
    7.1299325349E-07     2.5704051996E-02
    7.1449429191E-07    -1.0045644319E-02
    7.1599533034E-07    -6.5352873015E-03
    7.1749636877E-07     1.9378457628E-02
    7.1899740720E-07    -1.3843683075E-02
    7.2049844563E-07    -2.3505659926E-02
    7.2199948406E-07     3.6166376715E-02
    7.2350052248E-07     1.9338662012E-02
    7.2500156091E-07    -5.9505685385E-02
    7.2650259934E-07     1.4716206663E-03
    7.2800363777E-07     7.6308031853E-02
    7.2950467620E-07    -4.0063520779E-02
    7.3100571463E-07    -7.4228769874E-02
    7.3250675306E-07     8.5255069873E-02
    7.3400779148E-07     4.4946170822E-02
    7.3550882991E-07    -1.1882434436E-01
    7.3700986834E-07     8.1243816197E-03
    7.3851090677E-07     1.2446789936E-01
    7.4001194520E-07    -7.0391963294E-02
    7.4151298363E-07    -9.5398795523E-02
    7.4301402205E-07     1.2229955263E-01
    7.4451506048E-07     3.7080380245E-02
    7.4601609891E-07    -1.4542719969E-01
    7.4751713734E-07     3.6992009379E-02
    7.4901817577E-07     1.2968542261E-01
    7.5051921420E-07    -1.0757567349E-01
    7.5202025262E-07    -7.5656351751E-02
    7.5352129105E-07     1.5132301959E-01
    7.5502232948E-07    -6.7611674839E-03
    7.5652336791E-07    -1.4890164217E-01
    7.5802440634E-07     9.4465141739E-02
    7.5952544477E-07     9.3782829924E-02
    7.6102648319E-07    -1.5281088494E-01
    7.6252752162E-07    -3.7521833961E-04
    7.6402856005E-07     1.5155147145E-01
    7.6552959848E-07    -9.4112737771E-02
    7.6703063691E-07    -8.6519769278E-02
    7.6853167534E-07     1.4449417420E-01
    7.7003271376E-07    -1.1854416851E-02
    7.7153375219E-07    -1.2637538680E-01
    7.7303479062E-07     9.3718078670E-02
    7.7453582905E-07     5.5098726320E-02
    7.7603686748E-07    -1.1969146251E-01
    7.7753790591E-07     2.7592066972E-02
    7.7903894434E-07     8.7573127631E-02
    7.8053998276E-07    -8.1488060070E-02
    7.8204102119E-07    -2.7464311230E-02
    7.8354205962E-07     8.8982218956E-02
    7.8504309805E-07    -2.8233028559E-02
    7.8654413648E-07    -6.0331078279E-02
    7.8804517491E-07     6.1289956233E-02
    7.8954621333E-07     1.7238140310E-02
    7.9104725176E-07    -6.6534309848E-02
    7.9254829019E-07     2.2833425253E-02
    7.9404932862E-07     4.6471697283E-02
    7.9555036705E-07    -4.8279486709E-02
    7.9705140548E-07    -1.2244374373E-02
    7.9855244390E-07     4.7479801388E-02
    8.0005348233E-07    -2.3827329813E-02
    8.0155452076E-07    -2.8672322106E-02
    8.0305555919E-07     3.3912945686E-02
    8.0455659762E-07    -5.2905781675E-03
    8.0605763605E-07    -2.7319811968E-02
    8.0755867447E-07     2.0630032202E-02
    8.0905971290E-07     9.4227591684E-03
    8.1056075133E-07    -8.1680268467E-03
    8.1206178976E-07     1.6844732606E-02
    8.1356282819E-07     1.4725109404E-02
    8.1506386662E-07     5.1294346362E-03
    8.1656490505E-07    -1.0123492252E-03
    8.1806594347E-07    -1.5760782431E-02
    8.1956698190E-07    -1.0072101906E-02
    8.2106802033E-07    -2.0518272988E-02
    8.2256905876E-07    -2.5353862430E-02
    8.2407009719E-07     2.8169670509E-02
    8.2557113562E-07     3.1925321075E-02
    8.2707217404E-07    -8.3894800131E-03
    8.2857321247E-07     1.6999544252E-02
    8.3007425090E-07    -3.1394486392E-03
    8.3157528933E-07    -6.1299859538E-02
    8.3307632776E-07     8.9879933468E-03
    8.3457736619E-07     5.1464045227E-02
    8.3607840461E-07    -2.0199395990E-02
    8.3757944304E-07     4.5707265843E-03
    8.3908048147E-07     2.3990849207E-02
    8.4058151990E-07    -6.2791553837E-02
    8.4208255833E-07    -1.5840608749E-03
    8.4358359676E-07     7.9166657394E-02
    8.4508463518E-07    -3.9781312466E-02
    8.4658567361E-07    -3.7407055647E-02
    8.4808671204E-07     6.3654220022E-02
    8.4958775047E-07    -3.6893246288E-02
    8.5108878890E-07    -3.6881816532E-02
    8.5258982733E-07     8.7687800846E-02
    8.5409086575E-07    -3.1824034850E-02
    8.5559190418E-07    -6.9446522428E-02
    8.5709294261E-07     8.8593444724E-02
    8.5859398104E-07    -9.4406428708E-03
    8.6009501947E-07    -7.9281585309E-02
    8.6159605790E-07     8.4923470103E-02
    8.6309709633E-07     4.5868388104E-03
    8.6459813475E-07    -9.0727779568E-02
    8.6609917318E-07     7.1901917733E-02
    8.6760021161E-07     2.0993284466E-02
    8.6910125004E-07    -8.0503103041E-02
    8.7060228847E-07     5.9998865058E-02
    8.7210332690E-07     1.2512022370E-02
    8.7360436532E-07    -7.7861455221E-02
    8.7510540375E-07     7.0768899895E-02
    8.7660644218E-07     2.1111452546E-02
    8.7810748061E-07    -9.4093587780E-02
    8.7960851904E-07     5.3911180549E-02
    8.8110955747E-07     4.2289602117E-02
    8.8261059589E-07    -7.9509421399E-02
    8.8411163432E-07     2.8168501492E-02
    8.8561267275E-07     3.5363534338E-02
    8.8711371118E-07    -5.3504815591E-02
    8.8861474961E-07     3.4334127787E-02
    8.9011578804E-07     1.9004999576E-02
    8.9161682646E-07    -6.6763601332E-02
    8.9311786489E-07     3.9183061100E-02
    8.9461890332E-07     3.9817882169E-02
    8.9611994175E-07    -7.1518963863E-02
    8.9762098018E-07     1.6776646140E-02
    8.9912201861E-07     5.5241045254E-02
    9.0062305703E-07    -5.6314294827E-02
    9.0212409546E-07    -7.0214396699E-03
    9.0362513389E-07     5.2959658903E-02
    9.0512617232E-07    -3.4647358552E-02
    9.0662721075E-07    -1.2305972116E-02
    9.0812824918E-07     4.2788300877E-02
    9.0962928761E-07    -3.3521260462E-02
    9.1113032603E-07    -1.5635375290E-02
    9.1263136446E-07     4.7955297965E-02
    9.1413240289E-07    -3.0350207160E-02
    9.1563344132E-07    -2.5567126938E-02
    9.1713447975E-07     5.9751453624E-02
    9.1863551818E-07    -1.1144217016E-02
    9.2013655660E-07    -4.1235652324E-02
    9.2163759503E-07     4.1745362472E-02
    9.2313863346E-07    -7.3791200628E-03
    9.2463967189E-07    -4.7879495998E-02
    9.2614071032E-07     3.5946632072E-02
    9.2764174875E-07     1.7438271211E-02
    9.2914278717E-07    -2.3871342097E-02
    9.3064382560E-07     2.7694308288E-02
    9.3214486403E-07    -8.4530965798E-03
    9.3364590246E-07    -4.3790123367E-02
    9.3514694089E-07     3.2127208614E-02
    9.3664797932E-07     1.3967730155E-02
    9.3814901774E-07    -3.1499873518E-02
    9.3965005617E-07     3.5318350477E-02
    9.4115109460E-07     8.3622623780E-03
    9.4265213303E-07    -6.3739553378E-02
    9.4415317146E-07     2.1960713863E-02
    9.4565420989E-07     5.2690443720E-02
    9.4715524832E-07    -4.0582236674E-02
    9.4865628674E-07    -1.4974169449E-02
    9.5015732517E-07     3.7279552947E-02
    9.5165836360E-07    -2.1464764679E-02
    9.5315940203E-07    -1.7316969617E-02
    9.5466044046E-07     3.6330717718E-02
    9.5616147889E-07    -3.2010310281E-03
    9.5766251731E-07    -2.9091935591E-02
    9.5916355574E-07     1.1014761790E-02
    9.6066459417E-07     1.4799575086E-02
    9.6216563260E-07    -6.8543865165E-03
    9.6366667103E-07    -8.5986529590E-03
    9.6516770946E-07     3.0688578717E-03
    9.6666874788E-07     1.1455110712E-02
    9.6816978631E-07    -1.0352306496E-02
    9.6967082474E-07    -1.2128428357E-02
    9.7117186317E-07     2.4523221056E-02
    9.7267290160E-07     8.1429596526E-04
    9.7417394003E-07    -3.0704930048E-02
    9.7567497845E-07     1.8385196562E-02
    9.7717601688E-07     2.0685730653E-02
    9.7867705531E-07    -2.8263512621E-02
    9.8017809374E-07     1.6293037438E-03
    9.8167913217E-07     2.0943221401E-02
    9.8318017060E-07    -2.0886456708E-02
    9.8468120902E-07    -3.5928296224E-03
    9.8618224745E-07     2.4512383052E-02
    9.8768328588E-07    -1.5566784045E-02
    9.8918432431E-07    -1.8589078505E-02
    9.9068536274E-07     2.9414289403E-02
    9.9218640117E-07     1.0788111969E-02
    9.9368743960E-07    -3.6495559998E-02
    9.9518847802E-07     2.2826623399E-03
    9.9668951645E-07     3.9552739408E-02
    9.9819055488E-07    -2.2196012044E-02
    9.9969159331E-07    -3.3736594271E-02
    1.0011926317E-06     4.0133370837E-02
    1.0026936702E-06     1.1932669956E-02
    1.0041947086E-06    -4.2264617498E-02
    1.0056957470E-06     1.9117059848E-02
    1.0071967855E-06     2.2051567355E-02
    1.0086978239E-06    -3.8692369431E-02
    1.0101988623E-06     1.1160142993E-02
    1.0116999007E-06     3.0564682227E-02
    1.0132009392E-06    -3.6603776107E-02
    1.0147019776E-06     1.2373979231E-03
    1.0162030160E-06     3.7385769794E-02
    1.0177040544E-06    -3.5219855104E-02
    1.0192050929E-06    -1.3133916865E-02
    1.0207061313E-06     4.8916507200E-02
    1.0222071697E-06    -2.0290640885E-02
    1.0237082082E-06    -3.4306126596E-02
    1.0252092466E-06     4.1257183134E-02
    1.0267102850E-06     1.1707295119E-03
    1.0282113234E-06    -3.7665605097E-02
    1.0297123619E-06     2.6405943600E-02
    1.0312134003E-06     9.6380131861E-03
    1.0327144387E-06    -3.5122586914E-02
    1.0342154772E-06     1.4744265730E-02
    1.0357165156E-06     1.2255068369E-02
    1.0372175540E-06    -2.7122295159E-02
    1.0387185924E-06     9.6200032463E-03
    1.0402196309E-06     1.2321292570E-02
    1.0417206693E-06    -1.0662130622E-02
    1.0432217077E-06     1.8431419625E-02
    1.0447227462E-06     1.0386648807E-02
    1.0462237846E-06     4.0224149051E-04
    1.0477248230E-06     2.1875625099E-02
    1.0492258614E-06    -1.8184279234E-02
    1.0507268999E-06    -2.2634972897E-02
    1.0522279383E-06     1.3495909089E-02
    1.0537289767E-06    -4.1255067417E-02
    1.0552300152E-06    -2.2309536485E-02
    1.0567310536E-06     6.4490006209E-02
    1.0582320920E-06    -1.1889781721E-03
    1.0597331304E-06    -1.8130144878E-02
    1.0612341689E-06     5.6668610162E-02
    1.0627352073E-06    -4.0220245363E-02
    1.0642362457E-06    -7.2786150674E-02
    1.0657372842E-06     6.3209557994E-02
    1.0672383226E-06     1.9497790983E-02
    1.0687393610E-06    -4.1298448677E-02
    1.0702403994E-06     5.2382451067E-02
    1.0717414379E-06    -6.6107222914E-03
    1.0732424763E-06    -7.6254238722E-02
    1.0747435147E-06     4.4176938615E-02
    1.0762445532E-06     3.8420373842E-02
    1.0777455916E-06    -4.0930319830E-02
    1.0792466300E-06     1.8322648692E-02
    1.0807476684E-06     3.5388228856E-04
    1.0822487069E-06    -4.1071501806E-02
    1.0837497453E-06     4.2108191821E-02
    1.0852507837E-06     1.6173337379E-02
    1.0867518222E-06    -5.0261734645E-02
    1.0882528606E-06     2.3979772048E-02
    1.0897538990E-06     1.7796075163E-02
    1.0912549374E-06    -4.0046189305E-02
    1.0927559759E-06     2.4644631616E-02
    1.0942570143E-06     2.1101890097E-02
    1.0957580527E-06    -3.9671754896E-02
    1.0972590912E-06     1.1988835737E-02
    1.0987601296E-06     2.0212906746E-02
    1.1002611680E-06    -2.9623083911E-02
    1.1017622064E-06     9.9156068947E-03
    1.1032632449E-06     2.2753211412E-02
    1.1047642833E-06    -2.6284902669E-02
    1.1062653217E-06    -7.8395864061E-03
    1.1077663602E-06     2.7742643181E-02
    1.1092673986E-06     2.0628169306E-03
    1.1107684370E-06    -2.9681709105E-02
    1.1122694754E-06    -1.2340328587E-03
    1.1137705139E-06     3.7844912964E-02
    1.1152715523E-06    -1.0203867162E-02
    1.1167725907E-06    -3.6652553131E-02
    1.1182736292E-06     3.0634999738E-02
    1.1197746676E-06     9.9878219494E-03
    1.1212757060E-06    -3.4775322193E-02
    1.1227767444E-06     2.9459335378E-02
    1.1242777829E-06     3.3569294574E-03
    1.1257788213E-06    -4.3955530008E-02
    1.1272798597E-06     4.4856171130E-02
    1.1287808982E-06     1.0588747074E-02
    1.1302819366E-06    -6.5321989449E-02
    1.1317829750E-06     4.3952924870E-02
    1.1332840134E-06     3.1654067084E-02
    1.1347850519E-06    -7.0418320630E-02
    1.1362860903E-06     2.2747368007E-02
    1.1377871287E-06     3.7924008226E-02
    1.1392881671E-06    -5.1190301527E-02
    1.1407892056E-06     1.3551537879E-02
    1.1422902440E-06     2.4527229826E-02
    1.1437912824E-06    -3.3663351903E-02
    1.1452923209E-06     2.8312002139E-02
    1.1467933593E-06     2.1009770015E-02
    1.1482943977E-06    -2.9797729993E-02
    1.1497954361E-06     2.7126369215E-02
    1.1512964746E-06     6.8463910273E-03
    1.1527975130E-06    -4.4414820756E-02
    1.1542985514E-06     2.1531270653E-03
    1.1557995899E-06    -4.6362255209E-03
    1.1573006283E-06    -1.3698525481E-02
    1.1588016667E-06     3.4897236096E-02
    1.1603027051E-06     7.9173790263E-03
    1.1618037436E-06    -5.3736449820E-03
    1.1633047820E-06     1.9998255912E-02
    1.1648058204E-06    -3.6772500973E-02
    1.1663068589E-06    -3.5016762927E-02
    1.1678078973E-06     4.4925869946E-02
    1.1693089357E-06     1.7900207882E-02
    1.1708099741E-06    -2.3016993363E-02
    1.1723110126E-06     1.3116204616E-02
    1.1738120510E-06     1.8859177757E-03
    1.1753130894E-06    -3.4515655243E-02
    1.1768141279E-06     1.8184114640E-03
    1.1783151663E-06     4.1008677335E-02
    1.1798162047E-06     2.3811011375E-03
    1.1813172431E-06    -3.6890482106E-02
    1.1828182816E-06     8.7933501367E-04
    1.1843193200E-06     2.3538385686E-02
    1.1858203584E-06    -1.1593249449E-02
    1.1873213969E-06    -3.4585693987E-03
    1.1888224353E-06     1.8291159345E-02
    1.1903234737E-06    -1.3047159139E-02
    1.1918245121E-06    -1.6504779713E-02
    1.1933255506E-06     1.6653943392E-02
    1.1948265890E-06     1.3659572666E-02
    1.1963276274E-06    -1.2956364057E-02
    1.1978286659E-06    -1.5640461226E-02
    1.1993297043E-06     1.6328092473E-02
    1.2008307427E-06     1.4357631295E-02
    1.2023317811E-06    -3.0361415685E-02
    1.2038328196E-06     1.6545596298E-03
    1.2053338580E-06     3.9096186393E-02
    1.2068348964E-06    -2.9351611485E-02
    1.2083359349E-06    -2.5163967185E-02
    1.2098369733E-06     5.0944918181E-02
    1.2113380117E-06    -4.2490245194E-03
    1.2128390501E-06    -4.6076149190E-02
    1.2143400886E-06     2.9551228456E-02
    1.2158411270E-06     1.8734884446E-02
    1.2173421654E-06    -3.5917373760E-02
    1.2188432039E-06     7.0786165697E-03
    1.2203442423E-06     1.9214574421E-02
    1.2218452807E-06    -2.2732026693E-02
    1.2233463191E-06     3.5525517613E-03
    1.2248473576E-06     2.9235548605E-02
    1.2263483960E-06    -1.6945555724E-02
    1.2278494344E-06    -2.3871363376E-02
    1.2293504729E-06     2.6448459685E-02
    1.2308515113E-06     9.2677104859E-03
    1.2323525497E-06    -3.6880870045E-02
    1.2338535881E-06     7.1577879879E-03
    1.2353546266E-06     3.9659534688E-02
    1.2368556650E-06    -1.9982164166E-02
    1.2383567034E-06    -2.7890368016E-02
    1.2398577419E-06     2.6914211043E-02
    1.2413587803E-06     7.8496950097E-03
    1.2428598187E-06    -2.8087191123E-02
    1.2443608571E-06     9.5170488289E-03
    1.2458618956E-06     2.4576769277E-02
    1.2473629340E-06    -2.0102165086E-02
    1.2488639724E-06    -1.4965925770E-02
    1.2503650109E-06     2.4368971207E-02
    1.2518660493E-06    -3.3008427198E-03
    1.2533670877E-06    -1.8784636033E-02
    1.2548681261E-06     2.4764155129E-02
    1.2563691646E-06    -1.6610259657E-03
    1.2578702030E-06    -3.2617417961E-02
    1.2593712414E-06     2.9788634390E-02
    1.2608722798E-06     1.3176152044E-02
    1.2623733183E-06    -4.2823275084E-02
    1.2638743567E-06     2.4375804894E-02
    1.2653753951E-06     2.2486980360E-02
    1.2668764336E-06    -4.9095892640E-02
    1.2683774720E-06     2.1203851159E-02
    1.2698785104E-06     3.6189389762E-02
    1.2713795488E-06    -5.3732083256E-02
    1.2728805873E-06     6.3299077811E-03
    1.2743816257E-06     4.8411752394E-02
    1.2758826641E-06    -4.3664173247E-02
    1.2773837026E-06    -1.2340354016E-02
    1.2788847410E-06     4.8503622955E-02
    1.2803857794E-06    -2.2782275378E-02
    1.2818868178E-06    -2.5715921413E-02
    1.2833878563E-06     3.2917254925E-02
    1.2848888947E-06     1.1430952517E-03
    1.2863899331E-06    -2.1611153745E-02
    1.2878909716E-06     6.9688654423E-03
    1.2893920100E-06     7.6796120995E-03
    1.2908930484E-06    -3.1525527210E-03
    1.2923940868E-06    -6.3063830649E-03
    1.2938951253E-06    -4.8109622674E-03
    1.2953961637E-06     7.2998821872E-03
    1.2968972021E-06    -2.1603570634E-03
    1.2983982406E-06    -1.8797574170E-02
    1.2998992790E-06     6.3543798157E-03
    1.3014003174E-06     1.7684246567E-02
    1.3029013558E-06    -1.7038412807E-02
    1.3044023943E-06     6.4153413979E-03
    1.3059034327E-06     5.7677416776E-02
    1.3074044711E-06     2.7392610624E-03
    1.3089055096E-06    -2.6238207060E-02
    1.3104065480E-06     4.1235836289E-02
    1.3119075864E-06    -2.2393799049E-02
    1.3134086248E-06    -1.1598031342E-01
    1.3149096633E-06    -2.2705095916E-02
    1.3164107017E-06     8.8381292932E-03
    1.3179117401E-06    -3.3911454778E-02
    1.3194127786E-06     9.9742253461E-02
    1.3209138170E-06     1.6030755285E-01
    1.3224148554E-06     3.4221819052E-02
    1.3239158938E-06    -1.4962912483E-02
    1.3254169323E-06    -8.8550360998E-02
    1.3269179707E-06    -1.9746072149E-01
    1.3284190091E-06    -9.4291098892E-02
    1.3299200476E-06     6.4506912620E-02
    1.3314210860E-06     1.4602845684E-01
    1.3329221244E-06     1.9330512725E-01
    1.3344231628E-06     4.2892780781E-02
    1.3359242013E-06    -1.6679237140E-01
    1.3374252397E-06    -1.6976863098E-01
    1.3389262781E-06    -9.2180367213E-02
    1.3404273166E-06     6.8296289575E-02
    1.3419283550E-06     2.4843172159E-01
    1.3434293934E-06     1.0306027457E-01
    1.3449304318E-06    -1.5076778760E-01
    1.3464314703E-06    -1.4623534043E-01
    1.3479325087E-06    -6.6766977364E-02
    1.3494335471E-06     4.5903084678E-02
    1.3509345856E-06     2.0092171293E-01
    1.3524356240E-06     8.3328608725E-02
    1.3539366624E-06    -1.7557413839E-01
    1.3554377008E-06    -1.4216412432E-01
    1.3569387393E-06     5.6401095187E-02
    1.3584397777E-06     1.0872009782E-01
    1.3599408161E-06     5.4260411947E-02
    1.3614418546E-06    -1.8905895835E-02
    1.3629428930E-06    -1.0811547926E-01
    1.3644439314E-06    -6.7726189267E-02
    1.3659449698E-06     1.1529852234E-01
    1.3674460083E-06     9.7253528752E-02
    1.3689470467E-06    -9.3676346215E-02
    1.3704480851E-06    -5.4916602363E-02
    1.3719491235E-06     4.1189383961E-02
    1.3734501620E-06    -1.6900703857E-02
    1.3749512004E-06     3.8104254241E-02
    1.3764522388E-06     4.8805859172E-02
    1.3779532773E-06    -1.0414946432E-01
    1.3794543157E-06    -1.0157394216E-02
    1.3809553541E-06     1.0319473560E-01
    1.3824563925E-06    -5.6962768649E-02
    1.3839574310E-06    -2.6426214131E-02
    1.3854584694E-06     8.1419156004E-02
    1.3869595078E-06    -6.5598666913E-02
    1.3884605463E-06    -3.9403013501E-02
    1.3899615847E-06     9.4405099752E-02
    1.3914626231E-06    -2.0612565684E-02
    1.3929636615E-06    -4.1503768165E-02
    1.3944647000E-06     3.0283781742E-02
    1.3959657384E-06    -3.5915441259E-02
    1.3974667768E-06     2.5399851411E-02
    1.3989678153E-06     6.6914131053E-02
    1.4004688537E-06    -9.3271629871E-02
    1.4019698921E-06    -3.5906554518E-02
    1.4034709305E-06     1.0848964215E-01
    1.4049719690E-06    -1.0613222770E-02
    1.4064730074E-06    -5.8480442341E-02
    1.4079740458E-06     1.5547750637E-02
    1.4094750843E-06    -1.0799678433E-02
    1.4109761227E-06     3.6279242232E-02
    1.4124771611E-06     4.2317185422E-02
    1.4139781995E-06    -1.0899472182E-01
    1.4154792380E-06    -1.3600244637E-02
    1.4169802764E-06     1.5161418307E-01
    1.4184813148E-06    -4.9374975475E-02
    1.4199823533E-06    -1.3625756821E-01
    1.4214833917E-06     9.5137782595E-02
    1.4229844301E-06     7.4372164675E-02
    1.4244854685E-06    -8.8455722624E-02
    1.4259865070E-06    -1.3588342461E-02
    1.4274875454E-06     3.3067009268E-02
    1.4289885838E-06     2.2906876536E-03
    1.4304896223E-06     2.9777745222E-02
    1.4319906607E-06    -4.5715269672E-02
    1.4334916991E-06    -4.8644657149E-02
    1.4349927375E-06     9.9900976177E-02
    1.4364937760E-06     8.2292201364E-03
    1.4379948144E-06    -1.1256211154E-01
    1.4394958528E-06     5.0105931416E-02
    1.4409968913E-06     7.3764899669E-02
    1.4424979297E-06    -6.7227560065E-02
    1.4439989681E-06    -2.4150546025E-02
    1.4455000065E-06     3.2991068918E-02
    1.4470010450E-06     1.4733127099E-02
    1.4485020834E-06     5.1277571294E-03
    1.4500031218E-06    -4.9400227236E-02
    1.4515041603E-06     1.1054700573E-03
    1.4530051987E-06     7.6610761251E-02
    1.4545062371E-06    -5.0246598932E-02
    1.4560072755E-06    -5.4611078155E-02
    1.4575083140E-06     9.0969051464E-02
    1.4590093524E-06    -1.7075655299E-03
    1.4605103908E-06    -8.0477510292E-02
    1.4620114293E-06     4.4122963256E-02
    1.4635124677E-06     3.0995273314E-02
    1.4650135061E-06    -4.9521490145E-02
    1.4665145445E-06     7.1920331355E-03
    1.4680155830E-06     2.7525723323E-02
    1.4695166214E-06    -2.2409438701E-02
    1.4710176598E-06    -1.3048520316E-02
    1.4725186983E-06     2.3847195191E-02
    1.4740197367E-06    -2.0481344136E-03
    1.4755207751E-06    -3.1014859427E-02
    1.4770218135E-06     3.1763910949E-02
    1.4785228520E-06     3.1191942801E-02
    1.4800238904E-06    -5.2132208959E-02
    1.4815249288E-06     2.1079885632E-02
    1.4830259673E-06     6.1237978388E-02
    1.4845270057E-06    -6.1694327277E-02
    1.4860280441E-06    -5.0618418482E-03
    1.4875290825E-06     6.0500987338E-02
    1.4890301210E-06    -7.1861259003E-02
    1.4905311594E-06    -2.3865312376E-02
    1.4920321978E-06     5.2778079691E-02
    1.4935332362E-06    -5.7237167528E-02
    1.4950342747E-06     1.8912640457E-02
    1.4965353131E-06     7.6585616601E-02
    1.4980363515E-06    -6.5826652408E-02
    1.4995373900E-06     2.4876275903E-02
    1.5010384284E-06     6.8474791450E-02
    1.5025394668E-06    -1.2781982592E-01
    1.5040405052E-06    -1.3854971246E-02
    1.5055415437E-06     1.1159808582E-01
    1.5070425821E-06    -7.7302920985E-02
    1.5085436205E-06    -8.7694755067E-03
    1.5100446590E-06     1.2827132257E-01
    1.5115456974E-06    -6.7154206044E-02
    1.5130467358E-06    -9.0925086282E-02
    1.5145477742E-06     6.1794513249E-02
    1.5160488127E-06     1.0729119106E-02
    1.5175498511E-06    -1.7064245496E-02
    1.5190508895E-06     3.0890804304E-02
    1.5205519280E-06     4.8472064063E-03
    1.5220529664E-06    -1.3038246707E-02
    1.5235540048E-06    -4.8262163176E-02
    1.5250550432E-06    -1.2173260730E-02
    1.5265560817E-06     1.0301487150E-01
    1.5280571201E-06    -9.0593131160E-03
    1.5295581585E-06    -1.0517010751E-01
    1.5310591970E-06     7.0250144184E-02
    1.5325602354E-06     3.2660592964E-02
    1.5340612738E-06    -1.1668447683E-01
    1.5355623122E-06     7.3987242188E-02
    1.5370633507E-06     1.0307081844E-01
    1.5385643891E-06    -1.4760905404E-01
    1.5400654275E-06    -3.4376368744E-02
    1.5415664660E-06     1.4858813355E-01
    1.5430675044E-06    -4.2976122354E-02
    1.5445685428E-06    -8.6520971934E-02
    1.5460695812E-06     8.8611426035E-02
    1.5475706197E-06     8.2483054524E-03
    1.5490716581E-06    -9.2686642966E-02
    1.5505726965E-06     4.5887678217E-02
    1.5520737350E-06     7.0506145914E-02
    1.5535747734E-06    -7.3371197817E-02
    1.5550758118E-06    -4.5884468443E-02
    1.5565768502E-06     8.6161034972E-02
    1.5580778887E-06     1.8865398585E-02
    1.5595789271E-06    -8.8757955775E-02
    1.5610799655E-06     2.7021236003E-02
    1.5625810040E-06     7.5171942027E-02
    1.5640820424E-06    -8.2970849142E-02
    1.5655830808E-06    -3.3128223739E-02
    1.5670841192E-06     1.1127506601E-01
    1.5685851577E-06    -3.3779421438E-02
    1.5700861961E-06    -8.4736992504E-02
    1.5715872345E-06     9.2284509794E-02
    1.5730882730E-06     1.9104959155E-02
    1.5745893114E-06    -1.0178668585E-01
    1.5760903498E-06     4.4441445649E-02
    1.5775913882E-06     6.1566746064E-02
    1.5790924267E-06    -7.5130982062E-02
    1.5805934651E-06    -1.2197722306E-02
    1.5820945035E-06     7.1340066696E-02
    1.5835955420E-06    -2.2008136556E-02
    1.5850965804E-06    -6.3779851310E-02
    1.5865976188E-06     4.6626218177E-02
    1.5880986572E-06     6.8726615624E-02
    1.5895996957E-06    -6.7511967658E-02
    1.5911007341E-06    -4.7890579376E-02
    1.5926017725E-06     8.7234863035E-02
    1.5941028110E-06    -2.2586448268E-02
    1.5956038494E-06    -8.7552965396E-02
    1.5971048878E-06     9.3194980139E-02
    1.5986059262E-06     2.6606741414E-02
    1.6001069647E-06    -1.0759812278E-01
    1.6016080031E-06     8.4375053233E-02
    1.6031090415E-06     6.2342921704E-02
    1.6046100800E-06    -1.5615850543E-01
    1.6061111184E-06     1.5050060673E-02
    1.6076121568E-06     1.2655831547E-01
    1.6091131952E-06    -8.8995774911E-02
    1.6106142337E-06    -3.5524432905E-02
    1.6121152721E-06     1.2293577780E-01
    1.6136163105E-06    -3.4130120927E-02
    1.6151173489E-06    -1.0075592841E-01
    1.6166183874E-06     4.9618578738E-02
    1.6181194258E-06     4.0291438814E-02
    1.6196204642E-06    -3.7994739187E-02
    1.6211215027E-06     2.3714977515E-02
    1.6226225411E-06     2.7811935761E-02
    1.6241235795E-06    -6.4055054710E-02
    1.6256246179E-06    -1.3129204959E-02
    1.6271256564E-06     6.7189479601E-02
    1.6286266948E-06    -2.1537872940E-02
    1.6301277332E-06    -3.0724399486E-02
    1.6316287717E-06     6.2932371719E-02
    1.6331298101E-06    -3.0721643894E-02
    1.6346308485E-06    -7.5542880534E-02
    1.6361318869E-06     8.0672449630E-02
    1.6376329254E-06     4.1689288529E-02
    1.6391339638E-06    -8.3415726927E-02
    1.6406350022E-06     1.3967635619E-02
    1.6421360407E-06     3.7213183342E-02
    1.6436370791E-06    -4.6871743180E-02
    1.6451381175E-06     2.2739872110E-02
    1.6466391559E-06     3.9750942359E-02
    1.6481401944E-06    -5.1141756111E-02
    1.6496412328E-06    -8.6120723029E-03
    1.6511422712E-06     3.6219789386E-02
    1.6526433097E-06    -1.8371254093E-02
    1.6541443481E-06    -2.5176031532E-03
    1.6556453865E-06     2.3237282793E-02
    1.6571464249E-06    -2.8829127983E-02
    1.6586474634E-06    -1.5008307407E-02
    1.6601485018E-06     4.7192640178E-02
    1.6616495402E-06     3.9757074801E-03
    1.6631505787E-06    -4.8256697060E-02
    1.6646516171E-06     1.4301843987E-02
    1.6661526555E-06     3.5699744786E-02
    1.6676536939E-06    -3.4661965798E-02
    1.6691547324E-06    -1.1918006314E-02
    1.6706557708E-06     3.9195373261E-02
    1.6721568092E-06    -1.7366251802E-02
    1.6736578477E-06    -2.0566929672E-02
    1.6751588861E-06     3.3617651688E-02
    1.6766599245E-06    -8.1489119567E-03
    1.6781609629E-06    -2.1298838918E-02
    1.6796620014E-06     2.5614680500E-02
    1.6811630398E-06    -9.9520432960E-03
    1.6826640782E-06    -2.0479163466E-02
    1.6841651167E-06     3.2509112214E-02
    1.6856661551E-06     3.5538983962E-04
    1.6871671935E-06    -3.0046977685E-02
    1.6886682319E-06     1.5747511037E-02
    1.6901692704E-06     1.1784799460E-02
    1.6916703088E-06    -1.6418823125E-02
    1.6931713472E-06     1.0215098101E-04
    1.6946723857E-06     5.0499497318E-03
    1.6961734241E-06     1.4901187032E-03
    1.6976744625E-06     1.2478211594E-03
    1.6991755009E-06    -1.1566056174E-02
    1.7006765394E-06    -1.8611303910E-03
    1.7021775778E-06     6.8421604912E-03
    1.7036786162E-06    -6.2945814347E-03
    1.7051796547E-06     7.0404010937E-03
    1.7066806931E-06     4.9301198240E-03
    1.7081817315E-06    -2.2672078121E-02
    1.7096827699E-06     1.0648516348E-02
    1.7111838084E-06     3.6664707624E-02
    1.7126848468E-06    -1.1787690963E-02
    1.7141858852E-06    -1.7312700121E-02
    1.7156869237E-06     2.5571044983E-02
    1.7171879621E-06     1.3996806219E-02
    1.7186890005E-06    -2.1129474659E-02
    1.7201900389E-06    -2.1722403018E-02
    1.7216910774E-06     1.3205068070E-03
    1.7231921158E-06     3.6387371831E-03
    1.7246931542E-06    -2.8214262511E-02
    1.7261941927E-06    -9.4441520518E-03
    1.7276952311E-06     4.5031020349E-02
    1.7291962695E-06     1.8724582702E-02
    1.7306973079E-06    -1.2977790563E-02
    1.7321983464E-06     8.9609537789E-03
    1.7336993848E-06    -8.9164305131E-03
    1.7352004232E-06    -2.2273717531E-02
    1.7367014616E-06    -8.6581142637E-03
    1.7382025001E-06    -1.7984247917E-02
    1.7397035385E-06     3.1190098397E-02
    1.7412045769E-06     5.3099447473E-02
    1.7427056154E-06    -3.2623507127E-02
    1.7442066538E-06    -1.8443199705E-02
    1.7457076922E-06     1.5547833894E-02
    1.7472087306E-06    -5.3778671188E-02
    1.7487097691E-06     1.4949598006E-02
    1.7502108075E-06     7.3682533159E-02
    1.7517118459E-06    -4.4317283117E-02
    1.7532128844E-06    -2.5264006403E-03
    1.7547139228E-06     4.0835611283E-02
    1.7562149612E-06    -9.9857160448E-02
    1.7577159996E-06     9.7187628116E-03
    1.7592170381E-06     1.3096117431E-01
    1.7607180765E-06    -7.5273255240E-02
    1.7622191149E-06    -5.4512170400E-02
    1.7637201534E-06     9.5482951751E-02
    1.7652211918E-06    -6.1435012220E-02
    1.7667222302E-06    -4.3570436711E-02
    1.7682232686E-06     1.1802664412E-01
    1.7697243071E-06    -3.2322985765E-02
    1.7712253455E-06    -7.8929772340E-02
    1.7727263839E-06     5.7033800199E-02
    1.7742274224E-06    -4.1208206863E-03
    1.7757284608E-06    -1.3685464507E-02
    1.7772294992E-06     4.8492048004E-02
    1.7787305376E-06    -4.1094059001E-02
    1.7802315761E-06    -2.3510869247E-02
    1.7817326145E-06     4.4605683202E-02
    1.7832336529E-06    -2.5835996848E-02
    1.7847346914E-06     6.1371743864E-03
    1.7862357298E-06     3.6393970408E-02
    1.7877367682E-06    -5.9110081502E-02
    1.7892378066E-06     4.1769029216E-03
    1.7907388451E-06     6.5505926542E-02
    1.7922398835E-06    -5.3579621758E-02
