    1.5010384284E-09     0.0000000000E+00
    3.0020768568E-09     0.0000000000E+00
    4.5031152852E-09     0.0000000000E+00
    6.0041537136E-09     0.0000000000E+00
    7.5051921420E-09     0.0000000000E+00
    9.0062305704E-09     0.0000000000E+00
    1.0507268999E-08     0.0000000000E+00
    1.2008307427E-08     0.0000000000E+00
    1.3509345856E-08     0.0000000000E+00
    1.5010384284E-08     0.0000000000E+00
    1.6511422712E-08     0.0000000000E+00
    1.8012461141E-08     0.0000000000E+00
    1.9513499569E-08     0.0000000000E+00
    2.1014537997E-08     0.0000000000E+00
    2.2515576426E-08     0.0000000000E+00
    2.4016614854E-08     0.0000000000E+00
    2.5517653283E-08     0.0000000000E+00
    2.7018691711E-08     0.0000000000E+00
    2.8519730139E-08    -8.1162460716E-10
    3.0020768568E-08     2.7179087980E-09
    3.1521806996E-08     5.7561960932E-08
    3.3022845425E-08     3.0333489190E-07
    3.4523883853E-08     1.0373656766E-06
    3.6024922281E-08     2.9255154856E-06
    3.7525960710E-08     7.2372608911E-06
    3.9026999138E-08     1.5364902667E-05
    4.0528037567E-08     2.7043524271E-05
    4.2029075995E-08     3.7500295673E-05
    4.3530114423E-08     3.5062330584E-05
    4.5031152852E-08     3.8331655701E-06
    4.6532191280E-08    -6.3706861090E-05
    4.8033229709E-08    -1.4919987364E-04
    4.9534268137E-08    -2.0351927045E-04
    5.1035306565E-08    -1.7010487906E-04
    5.2536344994E-08    -3.0292699161E-05
    5.4037383422E-08     1.6434860586E-04
    5.5538421850E-08     3.1098754576E-04
    5.7039460279E-08     3.2214889912E-04
    5.8540498707E-08     1.8825218437E-04
    6.0041537136E-08     3.0488676006E-04
    6.1542575564E-08     1.5149305657E-03
    6.3043613992E-08     2.7385872059E-03
    6.4544652421E-08     6.0831227659E-04
    6.6045690849E-08    -2.9008096823E-03
    6.7546729278E-08    -1.4720038418E-03
    6.9047767706E-08     5.2207488760E-04
    7.0548806134E-08    -2.9130237460E-03
    7.2049844563E-08    -1.5256564952E-03
    7.3550882991E-08     4.7065153279E-03
    7.5051921420E-08    -2.1231712296E-04
    7.6552959848E-08    -5.0702717976E-03
    7.8053998276E-08     3.3949964525E-03
    7.9555036705E-08     2.8057978827E-03
    8.1056075133E-08    -5.4634917385E-03
    8.2557113562E-08     1.5396240374E-03
    8.4058151990E-08     4.0521215574E-03
    8.5559190418E-08    -4.9572984662E-03
    8.7060228847E-08     4.7639568823E-04
    8.8561267275E-08     4.3282307685E-03
    9.0062305704E-08    -4.4803918652E-03
    9.1563344132E-08     1.1067125742E-04
    9.3064382560E-08     4.1751701776E-03
    9.4565420989E-08    -4.2047971235E-03
    9.6066459417E-08     2.0129303850E-04
    9.7567497845E-08     3.8105818031E-03
    9.9068536274E-08    -4.0801702004E-03
    1.0056957470E-07     5.6910439915E-04
    1.0207061313E-07     3.3034103548E-03
    1.0357165156E-07    -4.0117642971E-03
    1.0507268999E-07     1.0894646766E-03
    1.0657372842E-07     2.6728446587E-03
    1.0807476684E-07    -3.9102147959E-03
    1.0957580527E-07     1.6659818501E-03
    1.1107684370E-07     1.9325011405E-03
    1.1257788213E-07    -3.7053990642E-03
    1.1407892056E-07     2.2155095758E-03
    1.1557995899E-07     1.1082100115E-03
    1.1708099741E-07    -3.3515650031E-03
    1.1858203584E-07     2.6638410704E-03
    1.2008307427E-07     2.4306288582E-04
    1.2158411270E-07    -2.8301461315E-03
    1.2308515113E-07     2.9479855831E-03
    1.2458618956E-07    -6.0452142938E-04
    1.2608722798E-07    -2.1508432501E-03
    1.2758826641E-07     3.0215485849E-03
    1.2908930484E-07    -1.3670389337E-03
    1.3059034327E-07    -1.3502871239E-03
    1.3209138170E-07     2.8605759473E-03
    1.3359242013E-07    -1.9767190131E-03
    1.3509345856E-07    -4.8772341865E-04
    1.3659449698E-07     2.4678761420E-03
    1.3809553541E-07    -2.3753475988E-03
    1.3959657384E-07     3.6229549804E-04
    1.4109761227E-07     1.8744286297E-03
    1.4259865070E-07    -2.5235067604E-03
    1.4409968913E-07     1.1196085910E-03
    1.4560072755E-07     1.1371173866E-03
    1.4710176598E-07    -2.4077167426E-03
    1.4860280441E-07     1.7093978258E-03
    1.5010384284E-07     3.3270554446E-04
    1.5160488127E-07    -2.0442317268E-03
    1.5310591970E-07     2.0729104469E-03
    1.5460695812E-07    -4.5136242521E-04
    1.5610799655E-07    -1.4787050139E-03
    1.5760903498E-07     2.1763702370E-03
    1.5911007341E-07    -1.1281645750E-03
    1.6061111184E-07    -7.8155110765E-04
    1.6211215027E-07     2.0166679383E-03
    1.6361318869E-07    -1.6229426305E-03
    1.6511422712E-07    -3.9501646248E-05
    1.6661526555E-07     1.6228419051E-03
    1.6811630398E-07    -1.8834549279E-03
    1.6961734241E-07     6.5552808581E-04
    1.7111838084E-07     1.0529670513E-03
    1.7261941927E-07    -1.8874370883E-03
    1.7412045769E-07     1.2186798630E-03
    1.7562149612E-07     3.8676753628E-04
    1.7712253455E-07    -1.6459544760E-03
    1.7862357298E-07     1.5836899104E-03
    1.8012461141E-07    -2.8505710313E-04
    1.8162564984E-07    -1.2020293243E-03
    1.8312668826E-07     1.7119670083E-03
    1.8462772669E-07    -8.7326420961E-04
    1.8612876512E-07    -6.2464243544E-04
    1.8762980355E-07     1.5977924707E-03
    1.8913084198E-07    -1.3024206813E-03
    1.9063188041E-07     1.0700066955E-06
    1.9213291883E-07     1.2687953269E-03
    1.9363395726E-07    -1.5213138117E-03
    1.9513499569E-07     5.8599762748E-04
    1.9663603412E-07     7.8157538500E-04
    1.9813707255E-07    -1.5098298286E-03
    1.9963811098E-07     1.0497975009E-03
    2.0113914940E-07     2.1309924406E-04
    2.0264018783E-07    -1.2812390948E-03
    2.0414122626E-07     1.3322712413E-03
    2.0564226469E-07    -3.5084200686E-04
    2.0714330312E-07    -8.7953219429E-04
    2.0864434155E-07     1.4016501340E-03
    2.1014537997E-07    -8.2835871246E-04
    2.1164641840E-07    -3.7222012291E-04
    2.1314745683E-07     1.2585352233E-03
    2.1464849526E-07    -1.1534271289E-03
    2.1614953369E-07     1.6027951989E-04
    2.1765057212E-07     9.3491611180E-04
    2.1915161055E-07    -1.2852658569E-03
    2.2065264897E-07     6.3701544628E-04
    2.2215368740E-07     4.8846324942E-04
    2.2365472583E-07    -1.2137076648E-03
    2.2515576426E-07     9.8870988076E-04
    2.2665680269E-07    -6.9708856706E-06
    2.2815784112E-07    -9.5978635360E-04
    2.2965887954E-07     1.1679129454E-03
    2.3115991797E-07    -4.7311631560E-04
    2.3266095640E-07    -5.7151783653E-04
    2.3416199483E-07     1.1555566455E-03
    2.3566303326E-07    -8.3944684195E-04
    2.3716407169E-07    -1.1561401973E-04
    2.3866511011E-07     9.6294666661E-04
    2.4016614854E-07    -1.0538273564E-03
    2.4166718697E-07     3.3349606492E-04
    2.4316822540E-07     6.2896621653E-04
    2.4466926383E-07    -1.0900021526E-03
    2.4617030226E-07     7.0555406794E-04
    2.4767134068E-07     2.1303180109E-04
    2.4917237911E-07    -9.5080734032E-04
    2.5067341754E-07     9.4536772879E-04
    2.5217445597E-07    -2.1498895092E-04
    2.5367549440E-07    -6.6669295640E-04
    2.5517653283E-07     1.0210037319E-03
    2.5667757125E-07    -5.8622117491E-04
    2.5817860968E-07    -2.8990086929E-04
    2.5967964811E-07     9.2803362841E-04
    2.6118068654E-07    -8.4372436685E-04
    2.6268172497E-07     1.1466202997E-04
    2.6418276340E-07     6.8924950614E-04
    2.6568380183E-07    -9.5118593198E-04
    2.6718484025E-07     4.8030252066E-04
    2.6868587868E-07     3.5001158361E-04
    2.7018691711E-07    -8.9802192211E-04
    2.7168795554E-07     7.4936756771E-04
    2.7318899397E-07    -2.9903927136E-05
    2.7469003240E-07    -7.0015405339E-04
    2.7619107082E-07     8.8226314673E-04
    2.7769210925E-07    -3.8653731106E-04
    2.7919314768E-07    -3.9645440657E-04
    2.8069418611E-07     8.6324562601E-04
    2.8219522454E-07    -6.6233153149E-04
    2.8369626297E-07    -4.1558864187E-05
    2.8519730139E-07     7.0212873806E-04
    2.8669833982E-07    -8.1532874250E-04
    2.8819937825E-07     3.0367000675E-04
    2.8970041668E-07     4.3174180870E-04
    2.9120145511E-07    -8.2550538404E-04
    2.9270249354E-07     5.8239419814E-04
    2.9420353196E-07     1.0167999898E-04
    2.9570457039E-07    -6.9728363094E-04
    2.9720560882E-07     7.5105247091E-04
    2.9870664725E-07    -2.3051277607E-04
    3.0020768568E-07    -4.5791499502E-04
    3.0170872411E-07     7.8611008147E-04
    3.0320976254E-07    -5.0919092390E-04
    3.0471080096E-07    -1.5212562409E-04
    3.0621183939E-07     6.8725800639E-04
    3.0771287782E-07    -6.8981576629E-04
    3.0921391625E-07     1.6597451734E-04
    3.1071495468E-07     4.7663351936E-04
    3.1221599311E-07    -7.4600804377E-04
    3.1371703153E-07     4.4228592636E-04
    3.1521806996E-07     1.9431081230E-04
    3.1671910839E-07    -6.7332834491E-04
    3.1822014682E-07     6.3180480734E-04
    3.1972118525E-07    -1.0907089789E-04
    3.2122222368E-07    -4.8924882770E-04
    3.2272326210E-07     7.0588244983E-04
    3.2422430053E-07    -3.8121668595E-04
    3.2572533896E-07    -2.2943507771E-04
    3.2722637739E-07     6.5649081130E-04
    3.2872741582E-07    -5.7707472237E-04
    3.3022845425E-07     5.8923925572E-05
    3.3172949267E-07     4.9686384218E-04
    3.3323053110E-07    -6.6622099391E-04
    3.3473156953E-07     3.2552100045E-04
    3.3623260796E-07     2.5851474084E-04
    3.3773364639E-07    -6.3752430090E-04
    3.3923468482E-07     5.2559397892E-04
    3.4073572324E-07    -1.4756055006E-05
    3.4223676167E-07    -5.0038089817E-04
    3.4373780010E-07     6.2736695998E-04
    3.4523883853E-07    -2.7475291741E-04
    3.4673987696E-07    -2.8241136040E-04
    3.4824091539E-07     6.1703873939E-04
    3.4974195382E-07    -4.7727509901E-04
    3.5124299224E-07    -2.4118257923E-05
    3.5274403067E-07     5.0054017915E-04
    3.5424506910E-07    -5.8955682558E-04
    3.5574610753E-07     2.2849155996E-04
    3.5724714596E-07     3.0185617688E-04
    3.5874818439E-07    -5.9551219647E-04
    3.6024922281E-07     4.3199589402E-04
    3.6175026124E-07     5.8301885496E-05
    3.6325129967E-07    -4.9795049858E-04
    3.6475233810E-07     5.5294805961E-04
    3.6625337653E-07    -1.8634544583E-04
    3.6775441496E-07    -3.1747085380E-04
    3.6925545338E-07     5.7331950304E-04
    3.7075649181E-07    -3.8961410101E-04
    3.7225753024E-07    -8.8324315456E-05
    3.7375856867E-07     4.9311396204E-04
    3.7525960710E-07    -5.1763974775E-04
    3.7676064553E-07     1.4795398649E-04
    3.7826168395E-07     3.2978493729E-04
    3.7976272238E-07    -5.5075439899E-04
    3.8126376081E-07     3.4997741103E-04
    3.8276479924E-07     1.1465041019E-04
    3.8426583767E-07    -4.8644575394E-04
    3.8576687610E-07     4.8368794713E-04
    3.8726791453E-07    -1.1298726162E-04
    3.8876895295E-07    -3.3925048417E-04
    3.9026999138E-07     5.2804673951E-04
    3.9177102981E-07    -3.1293027200E-04
    3.9327206824E-07    -1.3768841025E-04
    3.9477310667E-07     4.7829004526E-04
    3.9627414510E-07    -4.5111714936E-04
    3.9777518352E-07     8.1144778539E-05
    3.9927622195E-07     3.4625428675E-04
    4.0077726038E-07    -5.0537591352E-04
    4.0227829881E-07     2.7831843149E-04
    4.0377933724E-07     1.5779710347E-04
    4.0528037567E-07    -4.6893281481E-04
    4.0678141409E-07     4.1992885761E-04
    4.0828245252E-07    -5.2153673949E-05
    4.0978349095E-07    -3.5112807852E-04
    4.1128452938E-07     4.8288134737E-04
    4.1278556781E-07    -2.4599189569E-04
    4.1428660624E-07    -1.7529216447E-04
    4.1578764466E-07     4.5861221184E-04
    4.1728868309E-07    -3.9010801429E-04
    4.1878972152E-07     2.5766650018E-05
    4.2029075995E-07     3.5415705419E-04
    4.2179179838E-07    -4.6067075679E-04
    4.2329283681E-07     2.1580678107E-04
    4.2479387523E-07     1.9045171267E-04
    4.2629491366E-07    -4.4752695606E-04
    4.2779595209E-07     3.6162782189E-04
    4.2929699052E-07    -1.7598284199E-06
    4.3079802895E-07    -3.5558698779E-04
    4.3229906738E-07     4.3882665230E-04
    4.3380010581E-07    -1.8762639455E-04
    4.3530114423E-07    -2.0352115793E-04
    4.3680218266E-07     4.3584316786E-04
    4.3830322109E-07    -3.3445335817E-04
    4.3980425952E-07    -2.0069365277E-05
    4.4130529795E-07     3.5563018678E-04
    4.4280633638E-07    -4.1741148462E-04
    4.4430737480E-07     1.6132178029E-04
    4.4580841323E-07     2.1471740965E-04
    4.4730945166E-07    -4.2369993914E-04
    4.4881049009E-07     3.0854428384E-04
    4.5031152852E-07     3.9904220478E-05
    4.5181256695E-07    -3.5447048329E-04
    4.5331360537E-07     3.9647171282E-04
    4.5481464380E-07    -1.3677197553E-04
    4.5631568223E-07    -2.2423288833E-04
    4.5781672066E-07     4.1121222976E-04
    4.5931775909E-07    -2.8386395807E-04
    4.6081879752E-07    -5.7938910552E-05
    4.6231983594E-07     3.5216206513E-04
    4.6382087437E-07    -3.7640772338E-04
    4.6532191280E-07     1.1267191002E-04
    4.6682295123E-07     2.2862002043E-04
    4.6832398966E-07    -4.0872628863E-04
    4.6982502809E-07     2.3330086252E-04
    4.7132606651E-07     7.7633508175E-06
    4.7282710494E-07    -5.0099901824E-04
    4.7432814337E-07     3.4662091919E-05
    4.7582918180E-07    -7.2123423980E-04
    4.7733022023E-07    -1.3692769720E-03
    4.7883125866E-07    -1.4695175704E-03
    4.8033229709E-07    -2.9871347606E-03
    4.8183333551E-07    -3.7024572076E-03
    4.8333437394E-07    -3.7255611530E-03
    4.8483541237E-07    -3.9594835906E-03
    4.8633645080E-07    -1.7641513207E-03
    4.8783748923E-07     1.6046721577E-03
    4.8933852766E-07     5.0478516484E-03
    4.9083956608E-07     9.3681675330E-03
    4.9234060451E-07     1.1189689359E-02
    4.9384164294E-07     9.8385530101E-03
    4.9534268137E-07     6.7761493754E-03
    4.9684371980E-07     1.1466611606E-03
    4.9834475823E-07    -3.8807556858E-03
    4.9984579665E-07    -6.0587351809E-03
    5.0134683508E-07    -6.8931914978E-03
    5.0284787351E-07    -5.3200161694E-03
    5.0434891194E-07    -2.8158191283E-03
    5.0584995037E-07    -1.6622229605E-03
    5.0735098880E-07    -3.1988980642E-06
    5.0885202722E-07     1.0847079593E-03
    5.1035306565E-07     7.4558458391E-04
    5.1185410408E-07     7.8236675983E-04
    5.1335514251E-07    -1.1460762364E-04
    5.1485618094E-07    -9.8812983604E-04
    5.1635721937E-07    -3.1550804159E-05
    5.1785825780E-07     2.1985057553E-04
    5.1935929622E-07     5.7590128732E-05
    5.2086033465E-07     3.3634643960E-04
    5.2236137308E-07    -2.7695361917E-04
    5.2386241151E-07    -1.4060594429E-04
    5.2536344994E-07     2.8709350244E-04
    5.2686448837E-07    -3.8080485115E-04
    5.2836552679E-07     1.0819520661E-04
    5.2986656522E-07     5.2296922006E-04
    5.3136760365E-07    -4.2945341990E-04
    5.3286864208E-07    -2.6540186510E-04
    5.3436968051E-07     2.4016026618E-04
    5.3587071894E-07     2.0864536200E-04
    5.3737175736E-07     1.4966257386E-04
    5.3887279579E-07    -6.1675960278E-04
    5.4037383422E-07    -1.1904254304E-04
    5.4187487265E-07     1.0108078887E-03
    5.4337591108E-07    -3.5095167538E-04
    5.4487694951E-07    -9.0004076225E-04
    5.4637798793E-07     6.7771768447E-04
    5.4787902636E-07     5.1118466289E-04
    5.4938006479E-07    -5.7437160946E-04
    5.5088110322E-07    -4.0691994028E-04
    5.5238214165E-07     4.6416058423E-04
    5.5388318008E-07     5.9630881049E-04
    5.5538421850E-07    -7.8774923807E-04
    5.5688525693E-07    -5.0708892452E-04
    5.5838629536E-07     1.2733695507E-03
    5.5988733379E-07    -1.3754413184E-04
    5.6138837222E-07    -1.2857097735E-03
    5.6288941065E-07     8.6921401926E-04
    5.6439044908E-07     7.2274115166E-04
    5.6589148750E-07    -1.1191218739E-03
    5.6739252593E-07    -1.1518984769E-04
    5.6889356436E-07     9.6503284987E-04
    5.7039460279E-07    -1.8049280147E-04
    5.7189564122E-07    -8.6807605718E-04
    5.7339667965E-07     4.3403633923E-04
    5.7489771807E-07     8.5815865755E-04
    5.7639875650E-07    -9.5844692043E-04
    5.7789979493E-07    -4.6574860079E-04
    5.7940083336E-07     1.4288430018E-03
    5.8090187179E-07    -4.6868167359E-04
    5.8240291022E-07    -1.2065727036E-03
    5.8390394864E-07     1.3485393983E-03
    5.8540498707E-07     2.4126297756E-04
    5.8690602550E-07    -1.4613359610E-03
    5.8840706393E-07     7.6862546513E-04
    5.8990810236E-07     8.1532548597E-04
    5.9140914079E-07    -1.1875599368E-03
    5.9291017921E-07    -1.4229727944E-05
    5.9441121764E-07     1.0568839169E-03
    5.9591225607E-07    -5.4697439697E-04
    5.9741329450E-07    -7.2493237055E-04
    5.9891433293E-07     9.4667115906E-04
    6.0041537136E-07     2.2272443989E-04
    6.0191640979E-07    -1.1932140347E-03
    6.0341744821E-07     5.8315804749E-04
    6.0491848664E-07     9.0900882630E-04
    6.0641952507E-07    -1.3627047666E-03
    6.0792056350E-07     1.0673408392E-04
    6.0942160193E-07     1.3751501837E-03
    6.1092264036E-07    -1.2602601060E-03
    6.1242367878E-07    -3.5720929998E-04
    6.1392471721E-07     1.5682651821E-03
    6.1542575564E-07    -9.5605573282E-04
    6.1692679407E-07    -7.2647604292E-04
    6.1842783250E-07     1.5027837473E-03
    6.1992887093E-07    -5.3161817046E-04
    6.2142990935E-07    -9.6668749967E-04
    6.2293094778E-07     1.2343316482E-03
    6.2443198621E-07    -6.3471547645E-05
    6.2593302464E-07    -1.0883668112E-03
    6.2743406307E-07     8.1889838086E-04
    6.2893510150E-07     3.4610438939E-04
    6.3043613992E-07    -1.2138897347E-03
    6.3193717835E-07     1.3187348611E-04
    6.3343821678E-07     2.7369540995E-04
    6.3493925521E-07    -2.0491251813E-03
    6.3644029364E-07    -1.8372052078E-03
    6.3794133207E-07    -1.8114345090E-03
    6.3944237049E-07    -5.3377347070E-03
    6.4094340892E-07    -6.2471290258E-03
    6.4244444735E-07    -5.1371209402E-03
    6.4394548578E-07    -6.0067135757E-03
    6.4544652421E-07    -1.0140949772E-03
    6.4694756264E-07     1.0890302555E-02
    6.4844860107E-07     2.3128947923E-02
    6.4994963949E-07     3.9417453731E-02
    6.5145067792E-07     5.4390958233E-02
    6.5295171635E-07     5.2423964496E-02
    6.5445275478E-07     3.2044116434E-02
    6.5595379321E-07    -7.3331237919E-03
    6.5745483164E-07    -6.4479993026E-02
    6.5895587006E-07    -1.1404027997E-01
    6.6045690849E-07    -1.2964053156E-01
    6.6195794692E-07    -1.0114367248E-01
    6.6345898535E-07    -2.6541211066E-02
    6.6496002378E-07     6.9065564276E-02
    6.6646106221E-07     1.3745718913E-01
    6.6796210063E-07     1.4824604509E-01
    6.6946313906E-07     9.8526107187E-02
    6.7096417749E-07     1.0882808379E-02
    6.7246521592E-07    -6.6089305498E-02
    6.7396625435E-07    -9.4209897461E-02
    6.7546729278E-07    -7.4941125645E-02
    6.7696833120E-07    -3.1447348247E-02
    6.7846936963E-07     9.4029968804E-03
    6.7997040806E-07     2.7467316240E-02
    6.8147144649E-07     2.6337923176E-02
    6.8297248492E-07     2.0044301793E-02
    6.8447352335E-07     8.0869608350E-03
    6.8597456177E-07    -9.5095265887E-03
    6.8747560020E-07    -2.0560170999E-02
    6.8897663863E-07    -1.8001929339E-02
    6.9047767706E-07    -1.5264015293E-03
    6.9197871549E-07     1.9133384743E-02
    6.9347975392E-07     1.9879087551E-02
    6.9498079235E-07    -1.5129200032E-03
    6.9648183077E-07    -1.6902776093E-02
    6.9798286920E-07    -1.2629008417E-02
    6.9948390763E-07     2.8507689806E-03
    7.0098494606E-07     1.4522057277E-02
    7.0248598449E-07     7.4427170922E-03
    7.0398702292E-07    -7.9088818636E-03
    7.0548806134E-07    -8.7096492155E-03
    7.0698909977E-07    -3.9564111532E-04
    7.0849013820E-07     4.4211133568E-03
    7.0999117663E-07     5.7627134884E-03
    7.1149221506E-07     2.5826174911E-04
    7.1299325349E-07    -6.4327816749E-03
    7.1449429191E-07    -2.9340599886E-03
    7.1599533034E-07     3.2860268137E-03
    7.1749636877E-07     3.9814787919E-03
    7.1899740720E-07     7.6215041234E-04
    7.2049844563E-07    -4.8287303439E-03
    7.2199948406E-07    -3.4502508196E-03
    7.2350052248E-07     5.3801021550E-03
    7.2500156091E-07     4.1253547023E-03
    7.2650259934E-07    -4.1568303810E-03
    7.2800363777E-07    -1.8426384654E-03
    7.2950467620E-07     4.1053522185E-03
    7.3100571463E-07     1.8678536336E-03
    7.3250675306E-07    -1.7762331664E-03
    7.3400779148E-07    -4.5933085590E-04
    7.3550882991E-07     1.7846243300E-03
    7.3700986834E-07    -8.1630937959E-04
    7.3851090677E-07    -4.6049749527E-03
    7.4001194520E-07    -1.8916150546E-04
    7.4151298363E-07     4.0168114162E-03
    7.4301402205E-07    -3.8613363353E-03
    7.4451506048E-07    -5.8640208283E-03
    7.4601609891E-07     7.3321930688E-03
    7.4751713734E-07     7.4540854823E-03
    7.4901817577E-07    -8.0108839536E-03
    7.5051921420E-07    -5.6740386967E-03
    7.5202025262E-07     8.7572855991E-03
    7.5352129105E-07     3.1715187887E-03
    7.5502232948E-07    -1.0441581967E-02
    7.5652336791E-07    -2.5098655493E-03
    7.5802440634E-07     1.2108335286E-02
    7.5952544477E-07     2.6728366627E-03
    7.6102648319E-07    -1.3218157361E-02
    7.6252752162E-07    -1.2682381922E-03
    7.6402856005E-07     1.3433966675E-02
    7.6552959848E-07    -2.3779479883E-03
    7.6703063691E-07    -1.2110871717E-02
    7.6853167534E-07     6.5407844741E-03
    7.7003271376E-07     9.1441343477E-03
    7.7153375219E-07    -8.8829565710E-03
    7.7303479062E-07    -5.6835688405E-03
    7.7453582905E-07     8.6816280707E-03
    7.7603686748E-07     3.2093590698E-03
    7.7753790591E-07    -7.2228600413E-03
    7.7903894434E-07    -1.9826179213E-03
    7.8053998276E-07     6.0711642871E-03
    7.8204102119E-07     9.8670426429E-04
    7.8354205962E-07    -5.3367486454E-03
    7.8504309805E-07     4.4960655838E-04
    7.8654413648E-07     4.0280877004E-03
    7.8804517491E-07    -1.4946578784E-03
    7.8954621333E-07    -1.9375970012E-03
    7.9104725176E-07     7.9123388858E-04
    7.9254829019E-07     5.2047347462E-04
    7.9404932862E-07     1.5417346036E-03
    7.9555036705E-07    -1.4766268015E-03
    7.9705140548E-07    -3.4430493656E-03
    7.9855244390E-07     4.6731666627E-03
    8.0005348233E-07     2.7246497433E-03
    8.0155452076E-07    -7.9167424416E-03
    8.0305555919E-07     8.5098748416E-04
    8.0455659762E-07     8.8504857570E-03
    8.0605763605E-07    -5.4901926949E-03
    8.0755867447E-07    -6.8058645085E-03
    8.0905971290E-07     9.1059463453E-03
    8.1056075133E-07     2.7580677334E-03
    8.1206178976E-07    -1.0745072594E-02
    8.1356282819E-07     2.0577376910E-03
    8.1506386662E-07     1.0371671426E-02
    8.1656490505E-07    -6.9501130728E-03
    8.1806594347E-07    -7.8842000244E-03
    8.1956698190E-07     1.1234824957E-02
    8.2106802033E-07     3.0055049495E-03
    8.2256905876E-07    -1.3508600439E-02
    8.2407009719E-07     3.7232561530E-03
    8.2557113562E-07     1.2117247199E-02
    8.2707217404E-07    -1.0217483998E-02
    8.2857321247E-07    -6.6488575451E-03
    8.3007425090E-07     1.3618703562E-02
    8.3157528933E-07    -1.0821235363E-03
    8.3307632776E-07    -1.2178714470E-02
    8.3457736619E-07     7.7539466293E-03
    8.3607840461E-07     6.6418200352E-03
    8.3757944304E-07    -1.0567646741E-02
    8.3908048147E-07     1.3797660590E-04
    8.4058151990E-07     8.9770344761E-03
    8.4208255833E-07    -5.0887380457E-03
    8.4358359676E-07    -4.7469776940E-03
    8.4508463518E-07     6.7886807198E-03
    8.4658567361E-07     4.0633222641E-04
    8.4808671204E-07    -5.8636944768E-03
    8.4958775047E-07     2.4876137012E-03
    8.5108878890E-07     3.8439328393E-03
    8.5258982733E-07    -3.8442441217E-03
    8.5409086575E-07    -1.7862261457E-03
    8.5559190418E-07     4.2244850083E-03
    8.5709294261E-07    -5.5223000661E-05
    8.5859398104E-07    -3.9455692776E-03
    8.6009501947E-07     1.6159579523E-03
    8.6159605790E-07     3.0998740547E-03
    8.6309709633E-07    -2.6489448449E-03
    8.6459813475E-07    -2.0424735949E-03
    8.6609917318E-07     3.1556490680E-03
    8.6760021161E-07     1.2200999823E-03
    8.6910125004E-07    -3.7204027296E-03
    8.7060228847E-07    -3.4895655584E-04
    8.7210332690E-07     4.7382111551E-03
    8.7360436532E-07    -1.6508176794E-03
    8.7510540375E-07    -5.2403217617E-03
    8.7660644218E-07     5.1784286243E-03
    8.7810748061E-07     3.2260008538E-03
    8.7960851904E-07    -8.4294204453E-03
    8.8110955747E-07     2.0576367351E-03
    8.8261059589E-07     8.1776754115E-03
    8.8411163432E-07    -8.2072454159E-03
    8.8561267275E-07    -2.8696196095E-03
    8.8711371118E-07     1.0818353615E-02
    8.8861474961E-07    -5.0479220763E-03
    8.9011578804E-07    -7.2480114024E-03
    8.9161682646E-07     1.0453567401E-02
    8.9311786489E-07    -6.7025196010E-04
    8.9461890332E-07    -9.6596936852E-03
    8.9611994175E-07     7.8529945324E-03
    8.9762098018E-07     3.3687671956E-03
    8.9912201861E-07    -9.9638758764E-03
    9.0062305703E-07     4.1971969679E-03
    9.0212409546E-07     6.3482360348E-03
    9.0362513389E-07    -8.6803163414E-03
    9.0512617232E-07     3.0793640670E-04
    9.0662721075E-07     8.1614241924E-03
    9.0812824918E-07    -6.3050842073E-03
    9.0962928761E-07    -3.4022755942E-03
    9.1113032603E-07     8.8034302437E-03
    9.1263136446E-07    -3.1273669102E-03
    9.1413240289E-07    -6.5844765581E-03
    9.1563344132E-07     8.1547776578E-03
    9.1713447975E-07     5.3403382883E-04
    9.1863551818E-07    -8.7355816386E-03
    9.2013655660E-07     6.1621661642E-03
    9.2163759503E-07     4.0915480852E-03
    9.2313863346E-07    -9.3329590302E-03
    9.2463967189E-07     3.1266660814E-03
    9.2614071032E-07     6.7418095305E-03
    9.2764174875E-07    -8.1647877169E-03
    9.2914278717E-07    -2.1976128607E-04
    9.3064382560E-07     7.7842660933E-03
    9.3214486403E-07    -5.5560751186E-03
    9.3364590246E-07    -2.9394545532E-03
    9.3514694089E-07     6.9647489805E-03
    9.3664797932E-07    -2.3103530612E-03
    9.3814901774E-07    -4.2675917348E-03
    9.3965005617E-07     4.6141794005E-03
    9.4115109460E-07     5.9498361743E-04
    9.4265213303E-07    -3.9136517206E-03
    9.4415317146E-07     1.5130624206E-03
    9.4565420989E-07     2.3778567135E-03
    9.4715524832E-07    -2.1356230544E-03
    9.4865628674E-07    -1.4220403380E-03
    9.5015732517E-07     2.6995448985E-03
    9.5165836360E-07     4.1634714811E-04
    9.5315940203E-07    -3.4611980408E-03
    9.5466044046E-07     1.7029222421E-03
    9.5616147889E-07     2.9781566491E-03
    9.5766251731E-07    -4.2561066257E-03
    9.5916355574E-07    -1.3176492579E-04
    9.6066459417E-07     4.9336308787E-03
    9.6216563260E-07    -3.8590798861E-03
    9.6366667103E-07    -2.2148099228E-03
    9.6516770946E-07     5.9637833656E-03
    9.6666874788E-07    -2.6028199512E-03
    9.6816978631E-07    -4.0523947685E-03
    9.6967082474E-07     6.0583761119E-03
    9.7117186317E-07    -9.2210871387E-04
    9.7267290160E-07    -5.3621521816E-03
    9.7417394003E-07     5.4246008681E-03
    9.7567497845E-07     8.0341217457E-04
    9.7717601688E-07    -6.0852969113E-03
    9.7867705531E-07     4.3551399438E-03
    9.8017809374E-07     2.3380974017E-03
    9.8167913217E-07    -6.3232412556E-03
    9.8318017060E-07     3.1129720278E-03
    9.8468120902E-07     3.6025659204E-03
    9.8618224745E-07    -6.2442013342E-03
    9.8768328588E-07     1.8661152985E-03
    9.8918432431E-07     4.6301745563E-03
    9.9068536274E-07    -6.0007651430E-03
    9.9218640117E-07     6.7769068531E-04
    9.9368743960E-07     5.5004944737E-03
    9.9518847802E-07    -5.6822006178E-03
    9.9668951645E-07    -4.6359812251E-04
    9.9819055488E-07     6.2794316093E-03
    9.9969159331E-07    -5.3059345472E-03
    1.0011926317E-06    -1.5959397778E-03
    1.0026936702E-06     6.9838152602E-03
    1.0041947086E-06    -4.8384328232E-03
    1.0056957470E-06    -2.7412542995E-03
    1.0071967855E-06     7.5747877336E-03
    1.0086978239E-06    -4.2294673522E-03
    1.0101988623E-06    -3.8797410690E-03
    1.0116999007E-06     7.9740502424E-03
    1.0132009392E-06    -3.4446130069E-03
    1.0147019776E-06    -4.9459774766E-03
    1.0162030160E-06     8.0919674067E-03
    1.0177040544E-06    -2.4859986739E-03
    1.0192050929E-06    -5.8428277890E-03
    1.0207061313E-06     7.8563454898E-03
    1.0222071697E-06    -1.3977740127E-03
    1.0237082082E-06    -6.4652941650E-03
    1.0252092466E-06     7.2337052322E-03
    1.0267102850E-06    -2.5814765379E-04
    1.0282113234E-06    -6.7257382444E-03
    1.0297123619E-06     6.2391068932E-03
    1.0312134003E-06     8.3695140181E-04
    1.0327144387E-06    -6.5736543389E-03
    1.0342154772E-06     4.9344856084E-03
    1.0357165156E-06     1.7926644487E-03
    1.0372175540E-06    -6.0061165428E-03
    1.0387185924E-06     3.4181307471E-03
    1.0402196309E-06     2.5314295776E-03
    1.0417206693E-06    -5.0680422324E-03
    1.0432217077E-06     1.8091574023E-03
    1.0447227462E-06     3.0035086346E-03
    1.0462237846E-06    -3.8437855042E-03
    1.0477248230E-06     2.3079295874E-04
    1.0492258614E-06     3.1907645848E-03
    1.0507268999E-06    -2.4429810488E-03
    1.0522279383E-06    -1.2045208268E-03
    1.0537289767E-06     3.1043765550E-03
    1.0552300152E-06    -9.8401331064E-04
    1.0567310536E-06    -2.4063637426E-03
    1.0582320920E-06     2.7782839637E-03
    1.0597331304E-06     4.2180437139E-04
    1.0612341689E-06    -3.3131833747E-03
    1.0627352073E-06     2.2605721634E-03
    1.0642362457E-06     1.6830079084E-03
    1.0657372842E-06    -3.8948890736E-03
    1.0672383226E-06     1.6048624129E-03
    1.0687393610E-06     2.7363291805E-03
    1.0702403994E-06    -4.1518648777E-03
    1.0717414379E-06     8.6324327037E-04
    1.0732424763E-06     3.5501495844E-03
    1.0747435147E-06    -4.1113015991E-03
    1.0762445532E-06     8.1588184999E-05
    1.0777455916E-06     4.1233745149E-03
    1.0792466300E-06    -3.8217554265E-03
    1.0807476684E-06    -7.0257565426E-04
    1.0822487069E-06     4.4806017569E-03
    1.0837497453E-06    -3.3467238148E-03
    1.0852507837E-06    -1.4600237713E-03
    1.0867518222E-06     4.6647840418E-03
    1.0882528606E-06    -2.7578731338E-03
    1.0897538990E-06    -2.1683300950E-03
    1.0912549374E-06     4.7286999725E-03
    1.0927559759E-06    -2.1284115866E-03
    1.0942570143E-06    -2.8097360665E-03
    1.0957580527E-06     4.7264840674E-03
    1.0972590912E-06    -1.5269988402E-03
    1.0987601296E-06    -3.3691581149E-03
    1.1002611680E-06     4.7062691536E-03
    1.1017622064E-06    -1.0125184528E-03
    1.1032632449E-06    -3.8328930893E-03
    1.1047642833E-06     4.7047075191E-03
    1.1062653217E-06    -6.2999279136E-04
    1.1077663602E-06    -4.1883042490E-03
    1.1092673986E-06     4.7438044551E-03
    1.1107684370E-06    -4.0787021218E-04
    1.1122694754E-06    -4.4244852291E-03
    1.1137705139E-06     4.8301592595E-03
    1.1152715523E-06    -3.5684286039E-04
    1.1167725907E-06    -4.5336597971E-03
    1.1182736292E-06     4.9563981711E-03
    1.1197746676E-06    -4.7025802732E-04
    1.1212757060E-06    -4.5129325017E-03
    1.1227767444E-06     5.1042951113E-03
    1.1242777829E-06    -7.2615388611E-04
    1.1257788213E-06    -4.3661644121E-03
    1.1272798597E-06     5.2484297589E-03
    1.1287808982E-06    -1.0918156945E-03
    1.1302819366E-06    -4.1077958597E-03
    1.1317829750E-06     5.3553418234E-03
    1.1332840134E-06    -1.5384657973E-03
    1.1347850519E-06    -3.7820576274E-03
    1.1362860903E-06     5.3553378802E-03
    1.1377871287E-06    -2.0984358590E-03
    1.1392881671E-06    -3.5405797336E-03
    1.1407892056E-06     5.0394862529E-03
    1.1422902440E-06    -2.9962155703E-03
    1.1437912824E-06    -3.7576783686E-03
    1.1452923209E-06     4.0158864597E-03
    1.1467933593E-06    -4.5244425173E-03
    1.1482943977E-06    -4.5840511897E-03
    1.1497954361E-06     2.6197314691E-03
    1.1512964746E-06    -5.5823274223E-03
    1.1527975130E-06    -4.0016470257E-03
    1.1542985514E-06     3.9556685094E-03
    1.1557995899E-06    -2.3018267362E-03
    1.1573006283E-06     1.7659388045E-03
    1.1588016667E-06     1.0481749316E-02
    1.1603027051E-06     4.7775976680E-03
    1.1618037436E-06     7.7511427214E-03
    1.1633047820E-06     1.2432805013E-02
    1.1648058204E-06     2.2666728736E-03
    1.1663068589E-06     1.8433433014E-04
    1.1678078973E-06     4.0842324850E-04
    1.1693089357E-06    -1.0261396205E-02
    1.1708099741E-06    -9.8019090419E-03
    1.1723110126E-06    -4.3404098164E-03
    1.1738120510E-06    -7.4938683996E-03
    1.1753130894E-06    -1.6646895906E-03
    1.1768141279E-06     5.6837141748E-03
    1.1783151663E-06     1.3430669999E-03
    1.1798162047E-06     2.1355638058E-03
    1.1813172431E-06     4.2400302948E-03
    1.1828182816E-06    -2.5980053388E-03
    1.1843193200E-06    -2.4672304604E-03
    1.1858203584E-06     1.6685617973E-03
    1.1873213969E-06    -2.0071695929E-03
    1.1888224353E-06    -9.7761542126E-04
    1.1903234737E-06     3.1088220561E-03
    1.1918245121E-06    -1.0093721536E-03
    1.1933255506E-06    -1.4034313934E-03
    1.1948265890E-06     2.6228787410E-03
    1.1963276274E-06    -8.5284656525E-04
    1.1978286659E-06    -1.7759120179E-03
    1.1993297043E-06     2.2886464375E-03
    1.2008307427E-06    -8.4096247472E-04
    1.2023317811E-06    -2.0072318261E-03
    1.2038328196E-06     2.7496961349E-03
    1.2053338580E-06     1.6745197764E-05
    1.2068348964E-06    -2.2020262869E-03
    1.2083359349E-06     2.1516742030E-03
    1.2098369733E-06    -3.8210472643E-04
    1.2113380117E-06    -2.4693085783E-03
    1.2128390501E-06     2.7762972731E-03
    1.2143400886E-06     4.3883772757E-04
    1.2158411270E-06    -2.7770327519E-03
    1.2173421654E-06     2.1356842821E-03
    1.2188432039E-06     1.9767202729E-04
    1.2203442423E-06    -2.7255498143E-03
    1.2218452807E-06     2.7484044389E-03
    1.2233463191E-06     5.9157351183E-04
    1.2248473576E-06    -3.3096412532E-03
    1.2263483960E-06     2.3032514875E-03
    1.2278494344E-06     7.9532023846E-04
    1.2293504729E-06    -3.0609976583E-03
    1.2308515113E-06     2.5718896881E-03
    1.2323525497E-06     7.1430091692E-04
    1.2338535881E-06    -3.5848610103E-03
    1.2353546266E-06     2.6217553388E-03
    1.2368556650E-06     1.1285455247E-03
    1.2383567034E-06    -3.6226899647E-03
    1.2398577419E-06     2.5426480539E-03
    1.2413587803E-06     1.0387133820E-03
    1.2428598187E-06    -3.7865901403E-03
    1.2443608571E-06     2.8099959652E-03
    1.2458618956E-06     1.1582404182E-03
    1.2473629340E-06    -4.0653145277E-03
    1.2488639724E-06     2.8937778067E-03
    1.2503650109E-06     1.2032344202E-03
    1.2518660493E-06    -4.2127995783E-03
    1.2533670877E-06     3.1046648976E-03
    1.2548681261E-06     1.1782492185E-03
    1.2563691646E-06    -4.3985100350E-03
    1.2578702030E-06     3.2914561090E-03
    1.2593712414E-06     1.0599976179E-03
    1.2608722798E-06    -4.4565530121E-03
    1.2623733183E-06     3.6376282892E-03
    1.2638743567E-06     7.9045158349E-04
    1.2653753951E-06    -4.6711617002E-03
    1.2668764336E-06     4.0214321836E-03
    1.2683774720E-06     6.9682160674E-04
    1.2698785104E-06    -4.7395590616E-03
    1.2713795488E-06     4.1365424014E-03
    1.2728805873E-06     3.3947557323E-04
    1.2743816257E-06    -4.4507234450E-03
    1.2758826641E-06     4.5185143684E-03
    1.2773837026E-06    -3.3943555866E-04
    1.2788847410E-06    -4.4190965387E-03
    1.2803857794E-06     5.0636596394E-03
    1.2818868178E-06    -6.6461209780E-04
    1.2833878563E-06    -4.4138721815E-03
    1.2848888947E-06     5.0810748671E-03
    1.2863899331E-06    -9.6624614698E-04
    1.2878909716E-06    -3.7904341524E-03
    1.2893920100E-06     4.9961599061E-03
    1.2908930484E-06    -1.8389538373E-03
    1.2923940868E-06    -3.1212671986E-03
    1.2938951253E-06     5.3105327801E-03
    1.2953961637E-06    -2.7115078338E-03
    1.2968972021E-06    -3.0717617910E-03
    1.2983982406E-06     5.1390912724E-03
    1.2998992790E-06    -3.3510164156E-03
    1.3014003174E-06    -3.3624925771E-03
    1.3029013558E-06     3.5066143412E-03
    1.3044023943E-06    -4.9423540604E-03
    1.3059034327E-06    -3.8561062965E-03
    1.3074044711E-06     1.4001840913E-03
    1.3089055096E-06    -6.5894774030E-03
    1.3104065480E-06    -2.2771289491E-03
    1.3119075864E-06     4.6484198946E-03
    1.3134086248E-06     2.9980896361E-04
    1.3149096633E-06     1.0503104138E-02
    1.3164107017E-06     2.1941765389E-02
    1.3179117401E-06     2.1456665995E-02
    1.3194127786E-06     3.0700581568E-02
    1.3209138170E-06     3.3073567145E-02
    1.3224148554E-06     1.7874580173E-02
    1.3239158938E-06     3.8015966185E-03
    1.3254169323E-06    -2.2461846558E-02
    1.3269179707E-06    -5.7840895379E-02
    1.3284190091E-06    -7.6358891558E-02
    1.3299200476E-06    -8.4303087054E-02
    1.3314210860E-06    -7.1711587625E-02
    1.3329221244E-06    -2.2469876270E-02
    1.3344231628E-06     3.6703117439E-02
    1.3359242013E-06     9.0455532696E-02
    1.3374252397E-06     1.2882841596E-01
    1.3389262781E-06     1.1932242649E-01
    1.3404273166E-06     6.4040256780E-02
    1.3419283550E-06    -1.1533486590E-02
    1.3434293934E-06    -8.8043336723E-02
    1.3449304318E-06    -1.2687837812E-01
    1.3464314703E-06    -1.0752826048E-01
    1.3479325087E-06    -4.8736806147E-02
    1.3494335471E-06     2.6920113757E-02
    1.3509345856E-06     8.2153978198E-02
    1.3524356240E-06     8.3630465870E-02
    1.3539366624E-06     4.4100678319E-02
    1.3554377008E-06    -8.6159236618E-03
    1.3569387393E-06    -4.9119152562E-02
    1.3584397777E-06    -5.1657854206E-02
    1.3599408161E-06    -2.2195985934E-02
    1.3614418546E-06     1.0576669653E-02
    1.3629428930E-06     2.8284306516E-02
    1.3644439314E-06     2.3504567037E-02
    1.3659449698E-06     5.3123916812E-03
    1.3674460083E-06    -7.9879057432E-03
    1.3689470467E-06    -1.1492182836E-02
    1.3704480851E-06    -7.8452973510E-03
    1.3719491235E-06    -1.3812736533E-03
    1.3734501620E-06     1.0999157781E-03
    1.3749512004E-06     1.8097640493E-03
    1.3764522388E-06     5.6917146848E-03
    1.3779532773E-06     7.4195413358E-03
    1.3794543157E-06     1.5522716185E-03
    1.3809553541E-06    -7.3140422615E-03
    1.3824563925E-06    -1.0384330605E-02
    1.3839574310E-06    -4.1555127118E-03
    1.3854584694E-06     6.9224547468E-03
    1.3869595078E-06     1.2915696843E-02
    1.3884605463E-06     5.3989828507E-03
    1.3899615847E-06    -9.1937610838E-03
    1.3914626231E-06    -1.3455041820E-02
    1.3929636615E-06    -2.4562813896E-03
    1.3944647000E-06     1.1302718588E-02
    1.3959657384E-06     1.2720019565E-02
    1.3974667768E-06    -9.8741137229E-05
    1.3989678153E-06    -1.1334473979E-02
    1.4004688537E-06    -8.3627862146E-03
    1.4019698921E-06     3.5671573595E-03
    1.4034709305E-06     1.1740194323E-02
    1.4049719690E-06     5.3668068038E-03
    1.4064730074E-06    -9.5039531964E-03
    1.4079740458E-06    -1.1360964760E-02
    1.4094750843E-06     5.6241535595E-04
    1.4109761227E-06     7.7382919679E-03
    1.4124771611E-06     4.7918022835E-03
    1.4139781995E-06    -3.3786766785E-03
    1.4154792380E-06    -7.5576194341E-03
    1.4169802764E-06    -1.3407257057E-04
    1.4184813148E-06     7.5874180424E-03
    1.4199823533E-06     4.5028719387E-03
    1.4214833917E-06    -2.6679364519E-03
    1.4229844301E-06    -6.2849499112E-03
    1.4244854685E-06    -2.1435681639E-03
    1.4259865070E-06     4.8108765310E-03
    1.4274875454E-06     2.4104604811E-03
    1.4289885838E-06    -2.6158914531E-03
    1.4304896223E-06    -7.9330522577E-04
    1.4319906607E-06     2.1955566192E-04
    1.4334916991E-06     8.5018304909E-04
    1.4349927375E-06     2.4858795360E-03
    1.4364937760E-06    -1.8643011322E-03
    1.4379948144E-06    -3.7135696042E-03
    1.4394958528E-06     1.4155951915E-03
    1.4409968913E-06     2.1878541997E-03
    1.4424979297E-06     7.2835007163E-04
    1.4439989681E-06     4.2250879592E-04
    1.4455000065E-06    -2.5063100555E-03
    1.4470010450E-06    -1.5507095120E-03
    1.4485020834E-06     2.0832100805E-03
    1.4500031218E-06     1.0060315434E-03
    1.4515041603E-06     1.7460674626E-04
    1.4530051987E-06    -7.7411024177E-04
    1.4545062371E-06    -2.0607800684E-03
    1.4560072755E-06     1.9951135969E-03
    1.4575083140E-06     1.7835747666E-03
    1.4590093524E-06    -3.3643646548E-03
    1.4605103908E-06     1.1635211313E-04
    1.4620114293E-06     2.8920775167E-03
    1.4635124677E-06    -1.2691669426E-03
    1.4650135061E-06    -5.7772712169E-04
    1.4665145445E-06     5.0785257173E-05
    1.4680155830E-06    -1.4096952154E-03
    1.4695166214E-06     2.5106323431E-03
    1.4710176598E-06     1.2574549088E-03
    1.4725186983E-06    -3.7357678427E-03
    1.4740197367E-06     3.4765093236E-04
    1.4755207751E-06     2.2657581625E-03
    1.4770218135E-06    -1.0951430439E-03
    1.4785228520E-06     3.1655849627E-04
    1.4800238904E-06    -3.7775226047E-05
    1.4815249288E-06    -1.2222238458E-03
    1.4830259673E-06     1.3745235980E-03
    1.4845270057E-06    -2.7453949957E-04
    1.4860280441E-06    -5.3040670241E-04
    1.4875290825E-06     1.8745645995E-03
    1.4890301210E-06    -2.4222738328E-03
    1.4905311594E-06    -9.8378410030E-04
    1.4920321978E-06     4.5928579880E-03
    1.4935332362E-06    -1.9339384058E-03
    1.4950342747E-06    -3.5728784161E-03
    1.4965353131E-06     3.5818664963E-03
    1.4980363515E-06     6.1880253122E-04
    1.4995373900E-06    -1.7570907538E-03
    1.5010384284E-06     4.3413115159E-04
    1.5025394668E-06    -1.6560183501E-03
    1.5040405052E-06     2.3136314047E-03
    1.5055415437E-06     2.6106103222E-03
    1.5070425821E-06    -6.2907439721E-03
    1.5085436205E-06     2.1212935011E-04
    1.5100446590E-06     7.3686250985E-03
    1.5115456974E-06    -3.5871754534E-03
    1.5130467358E-06    -4.9637009002E-03
    1.5145477742E-06     3.6385036279E-03
    1.5160488127E-06     2.8894413117E-03
    1.5175498511E-06    -8.2349370823E-04
    1.5190508895E-06    -4.5289749178E-03
    1.5205519280E-06    -4.5541318278E-04
    1.5220529664E-06     8.2816591037E-03
    1.5235540048E-06    -2.5070839199E-03
    1.5250550432E-06    -9.3492353958E-03
    1.5265560817E-06     6.9435823476E-03
    1.5280571201E-06     5.9452224018E-03
    1.5295581585E-06    -7.8839132106E-03
    1.5310591970E-06    -1.9525307257E-03
    1.5325602354E-06     4.6204504890E-03
    1.5340612738E-06     2.2158690744E-03
    1.5355623122E-06    -1.9770279777E-03
    1.5370633507E-06    -6.2173816189E-03
    1.5385643891E-06     4.3537734262E-03
    1.5400654275E-06     8.3965319960E-03
    1.5415664660E-06    -9.9794497192E-03
    1.5430675044E-06    -5.0416255039E-03
    1.5445685428E-06     1.2901326882E-02
    1.5460695812E-06    -9.6992310171E-04
    1.5475706197E-06    -1.0382232596E-02
    1.5490716581E-06     3.7840666303E-03
    1.5505726965E-06     6.2356244358E-03
    1.5520737350E-06    -1.9717547321E-03
    1.5535747734E-06    -5.7564727591E-03
    1.5550758118E-06     1.5063949711E-04
    1.5565768502E-06     8.8272843565E-03
    1.5580778887E-06    -2.7430875656E-03
    1.5595789271E-06    -1.0182228628E-02
    1.5610799655E-06     8.0646196971E-03
    1.5625810040E-06     6.4362423867E-03
    1.5640820424E-06    -1.0483303137E-02
    1.5655830808E-06    -6.2172490508E-04
    1.5670841192E-06     7.7734404352E-03
    1.5685851577E-06    -1.7067699813E-03
    1.5700861961E-06    -3.9952313925E-03
    1.5715872345E-06    -3.4902796205E-04
    1.5730882730E-06     4.1658047137E-03
    1.5745893114E-06     1.9596177148E-03
    1.5760903498E-06    -7.7340612684E-03
    1.5775913882E-06     1.0758696059E-03
    1.5790924267E-06     9.3154269975E-03
    1.5805934651E-06    -6.8577448014E-03
    1.5820945035E-06    -5.6003570607E-03
    1.5835955420E-06     9.7637311692E-03
    1.5850965804E-06    -5.1583040050E-04
    1.5865976188E-06    -7.4000163230E-03
    1.5880986572E-06     3.6511902373E-03
    1.5895996957E-06     3.2202238973E-03
    1.5911007341E-06    -2.4317396768E-03
    1.5926017725E-06    -1.8598864002E-03
    1.5941028110E-06     5.4793143931E-04
    1.5956038494E-06     3.5297772698E-03
    1.5971048878E-06    -1.5627588631E-03
    1.5986059262E-06    -4.4581647586E-03
    1.6001069647E-06     4.5004426573E-03
    1.6016080031E-06     2.2111887286E-03
    1.6031090415E-06    -5.6086589815E-03
    1.6046100800E-06     1.2412855580E-03
    1.6061111184E-06     3.4612453621E-03
    1.6076121568E-06    -2.3270406467E-03
    1.6091131952E-06    -6.8290307706E-04
    1.6106142337E-06     4.7585474372E-04
    1.6121152721E-06     4.5557287255E-04
    1.6136163105E-06     1.3704109671E-03
    1.6151173489E-06    -2.6162343636E-03
    1.6166183874E-06    -5.8466545950E-04
    1.6181194258E-06     4.1563009299E-03
    1.6196204642E-06    -2.0591933077E-03
    1.6211215027E-06    -3.0658473689E-03
    1.6226225411E-06     3.6520773062E-03
    1.6241235795E-06     5.8894609961E-04
    1.6256246179E-06    -2.7794544593E-03
    1.6271256564E-06     5.5938069155E-04
    1.6286266948E-06     1.0272557135E-03
    1.6301277332E-06     5.2136977500E-04
    1.6316287717E-06    -9.1439683487E-04
    1.6331298101E-06    -2.0007060890E-03
    1.6346308485E-06     2.9858867826E-03
    1.6361318869E-06     1.4664874089E-03
    1.6376329254E-06    -5.2808804488E-03
    1.6391339638E-06     1.5142472633E-03
    1.6406350022E-06     5.4008799861E-03
    1.6421360407E-06    -5.0463368101E-03
    1.6436370791E-06    -2.7821939253E-03
    1.6451381175E-06     6.7825466357E-03
    1.6466391559E-06    -9.9593766888E-04
    1.6481401944E-06    -5.9535572274E-03
    1.6496412328E-06     3.8571127709E-03
    1.6511422712E-06     3.6724297802E-03
    1.6526433097E-06    -5.0359532958E-03
    1.6541443481E-06    -1.4625489184E-03
    1.6556453865E-06     5.2997824956E-03
    1.6571464249E-06    -3.3934645866E-04
    1.6586474634E-06    -5.4979773295E-03
    1.6601485018E-06     2.5634934813E-03
    1.6616495402E-06     5.1496987216E-03
    1.6631505787E-06    -5.5706648573E-03
    1.6646516171E-06    -2.8708373046E-03
    1.6661526555E-06     7.9762218140E-03
    1.6676536939E-06    -1.6233190761E-03
    1.6691547324E-06    -7.5883298398E-03
    1.6706557708E-06     6.3421231292E-03
    1.6721568092E-06     3.8402191379E-03
    1.6736578477E-06    -8.4847950128E-03
    1.6751588861E-06     1.1715050919E-03
    1.6766599245E-06     7.1979123321E-03
    1.6781609629E-06    -4.6369398694E-03
    1.6796620014E-06    -4.3154400443E-03
    1.6811630398E-06     5.8656930230E-03
    1.6826640782E-06     1.9622236067E-03
    1.6841651167E-06    -6.4534009623E-03
    1.6856661551E-06     4.6881240671E-05
    1.6871671935E-06     7.4299228400E-03
    1.6886682319E-06    -3.4909568656E-03
    1.6901692704E-06    -7.1472365687E-03
    1.6916703088E-06     8.3942366426E-03
    1.6931713472E-06     3.0971619431E-03
    1.6946723857E-06    -1.1540721853E-02
    1.6961734241E-06     4.2424249903E-03
    1.6976744625E-06     9.4161513244E-03
    1.6991755009E-06    -1.0573787352E-02
    1.7006765394E-06    -2.4183504290E-03
    1.7021775778E-06     1.1638416670E-02
    1.7036786162E-06    -4.9413280186E-03
    1.7051796547E-06    -7.4734119673E-03
    1.7066806931E-06     8.4360257128E-03
    1.7081817315E-06     1.9614345867E-03
    1.7096827699E-06    -7.9549347725E-03
    1.7111838084E-06     1.6768469369E-03
    1.7126848468E-06     6.3060852523E-03
    1.7141858852E-06    -3.7780918002E-03
    1.7156869237E-06    -4.9603945742E-03
    1.7171879621E-06     6.1554200203E-03
    1.7186890005E-06     2.4994898561E-03
    1.7201900389E-06    -8.3246605512E-03
    1.7216910774E-06     2.3364194169E-03
    1.7231921158E-06     7.4851810975E-03
    1.7246931542E-06    -7.4727715052E-03
    1.7261941927E-06    -2.4641268488E-03
