    5.0034614280E-10     0.0000000000E+00
    1.0006922856E-09     0.0000000000E+00
    1.5010384284E-09     0.0000000000E+00
    2.0013845712E-09     0.0000000000E+00
    2.5017307140E-09     0.0000000000E+00
    3.0020768568E-09     0.0000000000E+00
    3.5024229996E-09     0.0000000000E+00
    4.0027691424E-09     0.0000000000E+00
    4.5031152852E-09     0.0000000000E+00
    5.0034614280E-09     0.0000000000E+00
    5.5038075708E-09     0.0000000000E+00
    6.0041537136E-09     0.0000000000E+00
    6.5044998564E-09     0.0000000000E+00
    7.0048459992E-09     0.0000000000E+00
    7.5051921420E-09     0.0000000000E+00
    8.0055382848E-09     0.0000000000E+00
    8.5058844276E-09     0.0000000000E+00
    9.0062305704E-09     0.0000000000E+00
    9.5065767131E-09    -1.1835196473E-25
    1.0006922856E-08    -3.9287433617E-24
    1.0507268999E-08    -6.6580284450E-23
    1.1007615142E-08    -7.6744747134E-22
    1.1507961284E-08    -6.7637070338E-21
    1.2008307427E-08    -4.8580469774E-20
    1.2508653570E-08    -2.9600213844E-19
    1.3008999713E-08    -1.5725747132E-18
    1.3509345856E-08    -7.4312633318E-18
    1.4009691998E-08    -3.1709349088E-17
    1.4510038141E-08    -1.2361731629E-16
    1.5010384284E-08    -4.4442642125E-16
    1.5510730427E-08    -1.4847186244E-15
    1.6011076570E-08    -4.6378925390E-15
    1.6511422712E-08    -1.3616816433E-14
    1.7011768855E-08    -3.7738110601E-14
    1.7512114998E-08    -9.9081520020E-14
    1.8012461141E-08    -2.4717301239E-13
    1.8512807283E-08    -5.8728679539E-13
    1.9013153426E-08    -1.3315439609E-12
    1.9513499569E-08    -2.8847058449E-12
    2.0013845712E-08    -5.9761824624E-12
    2.0514191855E-08    -1.1840384531E-11
    2.1014537997E-08    -2.2417989283E-11
    2.1514884140E-08    -4.0481962093E-11
    2.2015230283E-08    -6.9454544310E-11
    2.2515576426E-08    -1.1243190050E-10
    2.3015922569E-08    -1.6951432774E-10
    2.3516268711E-08    -2.3188158507E-10
    2.4016614854E-08    -2.7007741723E-10
    2.4516960997E-08    -2.1260059642E-10
    2.5017307140E-08     9.0912656428E-11
    2.5517653283E-08     9.2990233997E-10
    2.6017999425E-08     2.8271657358E-09
    2.6518345568E-08     6.6808420903E-09
    2.7018691711E-08     1.3970758878E-08
    2.7519037854E-08     2.7048558293E-08
    2.8019383997E-08     4.9533124271E-08
    2.8519730139E-08     8.6833817741E-08
    2.9020076282E-08     1.4682341034E-07
    2.9520422425E-08     2.4067986298E-07
    3.0020768568E-08     3.8391064177E-07
    3.0521114711E-08     5.9756437157E-07
    3.1021460853E-08     9.0962129402E-07
    3.1521806996E-08     1.3565347837E-06
    3.2022153139E-08     1.9848690846E-06
    3.2522499282E-08     2.8529408940E-06
    3.3022845425E-08     4.0323215313E-06
    3.3523191567E-08     5.6089895229E-06
    3.4023537710E-08     7.6838390808E-06
    3.4523883853E-08     1.0372149424E-05
    3.5024229996E-08     1.3801508897E-05
    3.5524576139E-08     1.8107578369E-05
    3.6024922281E-08     2.3426990069E-05
    3.6525268424E-08     2.9886638840E-05
    3.7025614567E-08     3.7588667809E-05
    3.7525960710E-08     4.6590619406E-05
    3.8026306853E-08     5.6880554127E-05
    3.8526652995E-08     6.8347464065E-05
    3.9026999138E-08     8.0748039355E-05
    3.9527345281E-08     9.3671769769E-05
    4.0027691424E-08     1.0650743157E-04
    4.0528037567E-08     1.1841513035E-04
    4.1028383709E-08     1.2830910924E-04
    4.1528729852E-08     1.3485731569E-04
    4.2029075995E-08     1.3650404752E-04
    4.2529422138E-08     1.3152166483E-04
    4.3029768281E-08     1.1809616964E-04
    4.3530114423E-08     9.4449287222E-05
    4.4030460566E-08     5.8996486069E-05
    4.4530806709E-08     1.0536222248E-05
    4.5031152852E-08    -5.1539185825E-05
    4.5531498995E-08    -1.2702586806E-04
    4.6031845137E-08    -2.1470373203E-04
    4.6532191280E-08    -3.1216877876E-04
    4.7032537423E-08    -4.1572886758E-04
    4.7532883566E-08    -5.2038949217E-04
    4.8033229709E-08    -6.1995318505E-04
    4.8533575851E-08    -7.0724975155E-04
    4.9033921994E-08    -7.7450456695E-04
    4.9534268137E-08    -8.1383901654E-04
    5.0034614280E-08    -8.1788169801E-04
    5.0534960423E-08    -7.8045263479E-04
    5.1035306565E-08    -6.9726731017E-04
    5.1535652708E-08    -5.6659495761E-04
    5.2035998851E-08    -3.8979840760E-04
    5.2536344994E-08    -1.7168281708E-04
    5.3036691137E-08     7.9410879634E-05
    5.3537037279E-08     3.5181453455E-04
    5.4037383422E-08     6.3106447671E-04
    5.4537729565E-08     9.0074557309E-04
    5.5038075708E-08     1.1436019029E-03
    5.5538421850E-08     1.3428341674E-03
    5.6038767993E-08     1.4834751572E-03
    5.6539114136E-08     1.5537154084E-03
    5.7039460279E-08     1.5460450693E-03
    5.7539806422E-08     1.4580870342E-03
    5.8040152564E-08     1.2930207542E-03
    5.8540498707E-08     1.0595339099E-03
    5.9040844850E-08     7.7128643126E-04
    5.9541190993E-08     4.4592273247E-04
    6.0041537136E-08     1.0371717723E-04
    6.0541883278E-08    -2.3402157646E-04
    6.1042229421E-08    -5.4663490981E-04
    6.1542575564E-08    -8.1572540988E-04
    6.2042921707E-08    -1.0265422221E-03
    6.2543267850E-08    -1.1690144097E-03
    6.3043613992E-08    -1.2383462175E-03
    6.3543960135E-08    -1.2351363987E-03
    6.4044306278E-08    -1.1650338952E-03
    6.4544652421E-08    -1.0379879290E-03
    6.5044998564E-08    -8.6718673512E-04
    6.5545344706E-08    -6.6780225238E-04
    6.6045690849E-08    -4.5566667837E-04
    6.6546036992E-08    -2.4600158600E-04
    6.7046383135E-08    -5.2303694191E-05
    6.7546729278E-08     1.1453310499E-04
    6.8047075420E-08     2.4680837784E-04
    6.8547421563E-08     3.4029636576E-04
    6.9047767706E-08     3.9422250876E-04
    6.9548113849E-08     4.1096290581E-04
    7.0048459992E-08     3.9551265813E-04
    7.0548806134E-08     3.5478272868E-04
    7.1049152277E-08     2.9679422673E-04
    7.1549498420E-08     2.2984398776E-04
    7.2049844563E-08     1.6171572035E-04
    7.2550190706E-08     9.9006259466E-05
    7.3050536848E-08     4.6625952095E-05
    7.3550882991E-08     7.5156039283E-06
    7.4051229134E-08    -1.7399769716E-05
    7.4551575277E-08    -2.9026295035E-05
    7.5051921420E-08    -2.9718893575E-05
    7.5552267562E-08    -2.2759136872E-05
    7.6052613705E-08    -1.1769239176E-05
    7.6552959848E-08    -1.4595063891E-07
    7.7053305991E-08     9.4064606817E-06
    7.7553652134E-08     1.5182051896E-05
    7.8053998276E-08     1.6583183468E-05
    7.8554344419E-08     1.4033233253E-05
    7.9054690562E-08     8.7239814947E-06
    7.9555036705E-08     2.2567914581E-06
    8.0055382848E-08    -3.7474838176E-06
    8.0555728990E-08    -7.9936348056E-06
    8.1056075133E-08    -9.7494614912E-06
    8.1556421276E-08    -8.9378948782E-06
    8.2056767419E-08    -6.0782707476E-06
    8.2557113562E-08    -2.1027937370E-06
    8.3057459704E-08     1.9010765310E-06
    8.3557805847E-08     4.9589882270E-06
    8.4058151990E-08     6.4273854764E-06
    8.4558498133E-08     6.1146141762E-06
    8.5058844276E-08     4.2846831870E-06
    8.5559190418E-08     1.5515692060E-06
    8.6059536561E-08    -1.3026980746E-06
    8.6559882704E-08    -3.5367497875E-06
    8.7060228847E-08    -4.6324684967E-06
    8.7560574990E-08    -4.4080700792E-06
    8.8060921132E-08    -3.0380238914E-06
    8.8561267275E-08    -9.8080780321E-07
    8.9061613418E-08     1.1612886737E-06
    8.9561959561E-08     2.8101158003E-06
    9.0062305704E-08     3.5622079692E-06
    9.0562651846E-08     3.2836642357E-06
    9.1062997989E-08     2.1276400403E-06
    9.1563344132E-08     4.7420495424E-07
    9.2063690275E-08    -1.1870835311E-06
    9.2564036417E-08    -2.3972492798E-06
    9.3064382560E-08    -2.8515590767E-06
    9.3564728703E-08    -2.4740184275E-06
    9.4065074846E-08    -1.4248513672E-06
    9.4565420989E-08    -4.2276730946E-08
    9.5065767131E-08     1.2620786544E-06
    9.5566113274E-08     2.1228131013E-06
    9.6066459417E-08     2.3212896838E-06
    9.6566805560E-08     1.8397441422E-06
    9.7067151703E-08     8.5582365242E-07
    9.7567497845E-08    -3.1821508284E-07
    9.8067843988E-08    -1.3318924538E-06
    9.8568190131E-08    -1.8993729768E-06
    9.9068536274E-08    -1.8790017097E-06
    9.9568882417E-08    -1.3075610654E-06
    1.0006922856E-07    -3.8120313138E-07
    1.0056957470E-07     6.0923755272E-07
    1.0106992085E-07     1.3678656815E-06
    1.0157026699E-07     1.6810735745E-06
    1.0207061313E-07     1.4770523461E-06
    1.0257095927E-07     8.4098956296E-07
    1.0307130542E-07    -1.6878451917E-08
    1.0357165156E-07    -8.2914356101E-07
    1.0407199770E-07    -1.3535303677E-06
    1.0457234384E-07    -1.4445491215E-06
    1.0507268999E-07    -1.0934257151E-06
    1.0557303613E-07    -4.2542555386E-07
    1.0607338227E-07     3.4316279493E-07
    1.0657372842E-07     9.7403643276E-07
    1.0707407456E-07     1.2801270966E-06
    1.0757442070E-07     1.1807233358E-06
    1.0807476684E-07     7.2228361485E-07
    1.0857511299E-07     5.9689222068E-08
    1.0907545913E-07    -5.9508435071E-07
    1.0957580527E-07    -1.0401346547E-06
    1.1007615142E-07    -1.1455214814E-06
    1.1057649756E-07    -8.9098588525E-07
    1.1107684370E-07    -3.6858506746E-07
    1.1157718984E-07     2.4953524119E-07
    1.1207753599E-07     7.6722886037E-07
    1.1257788213E-07     1.0261967099E-06
    1.1307822827E-07     9.5418955558E-07
    1.1357857441E-07     5.8492442079E-07
    1.1407892056E-07     4.4280197207E-08
    1.1457926670E-07    -4.9198295881E-07
    1.1507961284E-07    -8.5495465259E-07
    1.1557995899E-07    -9.3555307640E-07
    1.1608030513E-07    -7.1718473641E-07
    1.1658065127E-07    -2.7832535033E-07
    1.1708099741E-07     2.3501376153E-07
    1.1758134356E-07     6.5745693355E-07
    1.1808168970E-07     8.5729481569E-07
    1.1858203584E-07     7.7743156670E-07
    1.1908238199E-07     4.5153951451E-07
    1.1958272813E-07    -9.1108978191E-09
    1.2008307427E-07    -4.5323794055E-07
    1.2058342041E-07    -7.3897158559E-07
    1.2108376656E-07    -7.7903719244E-07
    1.2158411270E-07    -5.6733967258E-07
    1.2208445884E-07    -1.7886160494E-07
    1.2258480499E-07     2.5647728925E-07
    1.2308515113E-07     5.9700584186E-07
    1.2358549727E-07     7.3525260198E-07
    1.2408584341E-07     6.3179710751E-07
    1.2458618956E-07     3.2637002024E-07
    1.2508653570E-07    -7.6883877523E-08
    1.2558688184E-07    -4.4465342033E-07
    1.2608722798E-07    -6.5836729911E-07
    1.2658757413E-07    -6.5234365549E-07
    1.2708792027E-07    -4.3392561654E-07
    1.2758826641E-07    -7.9438627838E-08
    1.2808861256E-07     2.9221444182E-07
    1.2858895870E-07     5.5926453223E-07
    1.2908930484E-07     6.3688070247E-07
    1.2958965098E-07     5.0407936554E-07
    1.3008999713E-07     2.0920811728E-07
    1.3059034327E-07    -1.4736376901E-07
    1.3109068941E-07    -4.4723563306E-07
    1.3159103556E-07    -5.9318728750E-07
    1.3209138170E-07    -5.4065463657E-07
    1.3259172784E-07    -3.1128718515E-07
    1.3309207398E-07     1.5525728392E-08
    1.3359242013E-07     3.2995862647E-07
    1.3409276627E-07     5.2854600531E-07
    1.3459311241E-07     5.4817463619E-07
    1.3509345856E-07     3.8611711454E-07
    1.3559380470E-07     9.9750984193E-08
    1.3609415084E-07    -2.1357620816E-07
    1.3659449698E-07    -4.4952459558E-07
    1.3709484313E-07    -5.3144510813E-07
    1.3759518927E-07    -4.3525595173E-07
    1.3809553541E-07    -1.9644247801E-07
    1.3859588155E-07     1.0282940724E-07
    1.3909622770E-07     3.6186665996E-07
    1.3959657384E-07     4.9525840300E-07
    1.4009691998E-07     4.6100905966E-07
    1.4059726613E-07     2.7373482598E-07
    1.4109761227E-07    -1.2181048566E-09
    1.4159795841E-07    -2.7045713034E-07
