    1.1674743332E-09     0.0000000000E+00
    2.3349486664E-09     0.0000000000E+00
    3.5024229996E-09    -3.8347261141E-07
    4.6698973328E-09    -4.3661843065E-05
    5.8373716660E-09    -1.6266235420E-03
    7.0048459992E-09    -1.9979321835E-02
    8.1723203324E-09    -8.1205234029E-02
    9.3397946655E-09    -9.4690262994E-02
    1.0507268999E-08     6.0943081787E-02
    1.1674743332E-08     1.9447569695E-01
    1.2842217665E-08     6.0967905156E-02
    1.4009691998E-08    -1.4660807594E-01
    1.5177166332E-08    -8.8456736220E-02
    1.6344640665E-08     1.1778133905E-01
    1.7512114998E-08     1.0548285420E-01
    1.8679589331E-08    -8.7635680276E-02
    1.9847063664E-08    -1.1036481041E-01
    2.1014537997E-08     6.0632937877E-02
    2.2182012331E-08     1.0627202682E-01
    2.3349486664E-08    -4.0380089695E-02
    2.4516960997E-08    -9.9108972017E-02
    2.5684435330E-08     2.4323954087E-02
    2.6851909663E-08     8.6493502547E-02
    2.8019383997E-08    -2.5457756326E-02
    2.9186858330E-08    -1.0390282205E-01
    3.0354332663E-08    -2.3190847606E-02
    3.1521806996E-08     5.1408352257E-02
    3.2689281329E-08     4.5586045411E-03
    3.3856755663E-08    -2.4810327540E-02
    3.5024229996E-08     5.2659874312E-02
    3.6191704329E-08     8.2035925096E-02
    3.7359178662E-08    -3.4781720202E-02
    3.8526652995E-08    -1.1905146350E-01
    3.9694127329E-08    -1.2213421349E-02
    4.0861601662E-08     1.3494359655E-01
    4.2029075995E-08     9.9338198054E-02
    4.3196550328E-08    -6.2132458480E-02
    4.4364024661E-08    -1.2375343162E-01
    4.5531498995E-08    -3.2068780006E-02
    4.6698973328E-08     7.2016066404E-02
    4.7866447661E-08     9.1018000552E-02
    4.9033921994E-08     5.0184494831E-02
    5.0201396327E-08    -9.8371863560E-03
    5.1368870661E-08    -6.9785698964E-02
    5.2536344994E-08    -8.9193858621E-02
    5.3703819327E-08    -3.9020715136E-02
    5.4871293660E-08     3.8956994154E-02
    5.6038767993E-08     7.2710481900E-02
    5.7206242326E-08     3.7059522719E-02
    5.8373716660E-08    -3.6783984993E-02
    5.9541190993E-08    -8.3656541550E-02
    6.0708665326E-08    -3.9811904081E-02
    6.1876139659E-08     6.9425075338E-02
    6.3043613992E-08     1.0623571381E-01
    6.4211088326E-08    -5.6584462769E-04
    6.5378562659E-08    -1.0254725036E-01
    6.6546036992E-08    -3.1904859123E-02
    6.7713511325E-08     9.8368928626E-02
    6.8880985658E-08     4.6720788211E-02
    7.0048459992E-08    -1.2585548328E-01
    7.1215934325E-08    -1.0940181815E-01
    7.2383408658E-08     1.1618399758E-01
    7.3550882991E-08     1.8494160222E-01
    7.4718357324E-08    -5.0473258110E-02
    7.5885831658E-08    -2.2254194170E-01
    7.7053305991E-08    -3.8957952936E-02
    7.8220780324E-08     2.0740871588E-01
    7.9388254657E-08     1.1360912252E-01
    8.0555728990E-08    -1.5597131935E-01
    8.1723203324E-08    -1.5412612086E-01
    8.2890677657E-08     9.3619089333E-02
    8.4058151990E-08     1.6105911354E-01
    8.5225626323E-08    -3.9119229064E-02
    8.6393100656E-08    -1.4438934401E-01
    8.7560574990E-08     1.9869430510E-03
    8.8728049323E-08     1.1598142326E-01
    8.9895523656E-08     1.4904768039E-02
    9.1062997989E-08    -8.7378320198E-02
    9.2230472322E-08    -1.4398234546E-02
    9.3397946655E-08     6.7711755704E-02
    9.4565420989E-08     4.2009720104E-03
    9.5732895322E-08    -6.0489796016E-02
    9.6900369655E-08     7.1405515512E-03
    9.8067843988E-08     6.3465659576E-02
    9.9235318321E-08    -1.4684691006E-02
    1.0040279265E-07    -7.2776818762E-02
    1.0157026699E-07     1.7008954739E-02
    1.0273774132E-07     8.6239490372E-02
    1.0390521565E-07    -1.2720279418E-02
    1.0507268999E-07    -1.0189193867E-01
    1.0624016432E-07    -5.0523063939E-04
    1.0740763865E-07     1.1519667855E-01
    1.0857511299E-07     2.2692116089E-02
    1.0974258732E-07    -1.2037978987E-01
    1.1091006165E-07    -4.9405793033E-02
    1.1207753599E-07     1.1471505729E-01
    1.1324501032E-07     7.4336504217E-02
    1.1441248465E-07    -1.0014640053E-01
    1.1557995899E-07    -9.3490567704E-02
    1.1674743332E-07     8.0621090283E-02
    1.1791490765E-07     1.0629772434E-01
    1.1908238199E-07    -5.8742840078E-02
    1.2024985632E-07    -1.1317905960E-01
    1.2141733065E-07     3.5671079895E-02
    1.2258480499E-07     1.1358094511E-01
    1.2375227932E-07    -1.3399217729E-02
    1.2491975365E-07    -1.0732023976E-01
    1.2608722798E-07    -4.9209904188E-03
    1.2725470232E-07     9.6572063240E-02
    1.2842217665E-07     1.7389630360E-02
    1.2958965098E-07    -8.5021818939E-02
    1.3075712532E-07    -2.4987815932E-02
    1.3192459965E-07     7.5161538235E-02
    1.3309207398E-07     3.0358432539E-02
    1.3425954832E-07    -6.6915787159E-02
    1.3542702265E-07    -3.5322283311E-02
    1.3659449698E-07     5.8784334249E-02
    1.3776197132E-07     3.9782355455E-02
    1.3892944565E-07    -4.9833973315E-02
    1.4009691998E-07    -4.2659805764E-02
    1.4126439432E-07     4.0422808545E-02
    1.4243186865E-07     4.3241133404E-02
    1.4359934298E-07    -3.1572421667E-02
    1.4476681732E-07    -4.1582626260E-02
    1.4593429165E-07     2.4269269549E-02
    1.4710176598E-07     3.8274323894E-02
    1.4826924032E-07    -1.9251277650E-02
    1.4943671465E-07    -3.4291740251E-02
    1.5060418898E-07     1.6882054299E-02
    1.5177166332E-07     3.0930331482E-02
    1.5293913765E-07    -1.6874134757E-02
    1.5410661198E-07    -2.9479350113E-02
    1.5527408631E-07     1.8157151606E-02
    1.5644156065E-07     3.0683844816E-02
    1.5760903498E-07    -1.9168165797E-02
    1.5877650931E-07    -3.4384059128E-02
    1.5994398365E-07     1.8422892748E-02
    1.6111145798E-07     3.9564191978E-02
    1.6227893231E-07    -1.5026548550E-02
    1.6344640665E-07    -4.4713104707E-02
    1.6461388098E-07     8.9367656322E-03
    1.6578135531E-07     4.8300043223E-02
    1.6694882965E-07    -9.6945450414E-04
    1.6811630398E-07    -4.9245907882E-02
    1.6928377831E-07    -7.4414353477E-03
    1.7045125265E-07     4.7282829660E-02
    1.7161872698E-07     1.4706049849E-02
    1.7278620131E-07    -4.3048888551E-02
    1.7395367565E-07    -1.9613009945E-02
    1.7512114998E-07     3.7843569379E-02
    1.7628862431E-07     2.1693383509E-02
    1.7745609865E-07    -3.3172173843E-02
    1.7862357298E-07    -2.1276315183E-02
    1.7979104731E-07     3.0316028312E-02
    1.8095852164E-07     1.9307102671E-02
    1.8212599598E-07    -3.0065831212E-02
    1.8329347031E-07    -1.7083900329E-02
    1.8446094464E-07     3.2597117577E-02
    1.8562841898E-07     1.5985826702E-02
    1.8679589331E-07    -3.7436836218E-02
    1.8796336764E-07    -1.7181345437E-02
    1.8913084198E-07     4.3545160079E-02
    1.9029831631E-07     2.1343374956E-02
    1.9146579064E-07    -4.9555596413E-02
    1.9263326498E-07    -2.8477574718E-02
    1.9380073931E-07     5.4124899627E-02
    1.9496821364E-07     3.7953788100E-02
    1.9613568798E-07    -5.6255569638E-02
    1.9730316231E-07    -4.8718231595E-02
    1.9847063664E-07     5.5474952530E-02
    1.9963811098E-07     5.9576789927E-02
    2.0080558531E-07    -5.1851682386E-02
    2.0197305964E-07    -6.9449260488E-02
    2.0314053398E-07     4.5897162441E-02
    2.0430800831E-07     7.7552301864E-02
    2.0547548264E-07    -3.8400153369E-02
    2.0664295698E-07    -8.3499333141E-02
    2.0781043131E-07     3.0226036273E-02
    2.0897790564E-07     8.7303754395E-02
    2.1014537997E-07    -2.2121538596E-02
    2.1131285431E-07    -8.9282580064E-02
    2.1248032864E-07     1.4580287051E-02
    2.1364780297E-07     8.9894319830E-02
    2.1481527731E-07    -7.8077406958E-03
    2.1598275164E-07    -8.9574151688E-02
    2.1715022597E-07     1.7799966949E-03
    2.1831770031E-07     8.8622754988E-02
    2.1948517464E-07     3.6460851603E-03
    2.2065264897E-07    -8.7171082452E-02
    2.2182012331E-07    -8.6217162721E-03
    2.2298759764E-07     8.5209700477E-02
    2.2415507197E-07     1.3228810746E-02
    2.2532254631E-07    -8.2654584934E-02
    2.2649002064E-07    -1.7450615925E-02
    2.2765749497E-07     7.9418303927E-02
    2.2882496931E-07     2.1186690130E-02
    2.2999244364E-07    -7.5460650066E-02
    2.3115991797E-07    -2.4294112418E-02
    2.3232739231E-07     7.0806122161E-02
    2.3349486664E-07     2.6630867255E-02
    2.3466234097E-07    -6.5532500224E-02
    2.3582981531E-07    -2.8083331806E-02
    2.3699728964E-07     5.9745628227E-02
    2.3816476397E-07     2.8572233801E-02
    2.3933223830E-07    -5.3556670003E-02
    2.4049971264E-07    -2.8042612535E-02
    2.4166718697E-07     4.7072009289E-02
    2.4283466130E-07     2.6448574914E-02
    2.4400213564E-07    -4.0397860792E-02
    2.4516960997E-07    -2.3743232327E-02
    2.4633708430E-07     3.3655616064E-02
    2.4750455864E-07     1.9881691652E-02
    2.4867203297E-07    -2.6999124200E-02
    2.4983950730E-07    -1.4840138239E-02
    2.5100698164E-07     2.0621839551E-02
    2.5217445597E-07     8.6455618074E-03
    2.5334193030E-07    -1.4744512215E-02
    2.5450940464E-07    -1.4035387547E-03
    2.5567687897E-07     9.5826690269E-03
    2.5684435330E-07    -6.6893315343E-03
    2.5801182764E-07    -5.3021884603E-03
    2.5917930197E-07     1.5356671436E-02
    2.6034677630E-07     1.9767679210E-03
    2.6151425064E-07    -2.4277009769E-02
    2.6268172497E-07     4.3934408904E-04
    2.6384919930E-07     3.3133894709E-02
    2.6501667363E-07    -2.1150340799E-03
    2.6618414797E-07    -4.1669822018E-02
    2.6735162230E-07     3.3197981865E-03
    2.6851909663E-07     4.9731290686E-02
    2.6968657097E-07    -4.3785106375E-03
    2.7085404530E-07    -5.7293226641E-02
    2.7202151963E-07     5.6136107668E-03
    2.7318899397E-07     6.4455989314E-02
    2.7435646830E-07    -7.2885932123E-03
    2.7552394263E-07    -7.1415488611E-02
    2.7669141697E-07     9.5665275458E-03
    2.7785889130E-07     7.8413990911E-02
    2.7902636563E-07    -1.2493633338E-02
    2.8019383997E-07    -8.5684580947E-02
    2.8136131430E-07     1.6010466119E-02
    2.8252878863E-07     9.3403203865E-02
    2.8369626297E-07    -1.9985490261E-02
    2.8486373730E-07    -1.0165891818E-01
    2.8603121163E-07     2.4261097855E-02
    2.8719868597E-07     1.1044786498E-01
    2.8836616030E-07    -2.8699579343E-02
    2.8953363463E-07    -1.1968989144E-01
    2.9070110897E-07     3.3217234096E-02
    2.9186858330E-07     1.2926070853E-01
    2.9303605763E-07    -3.7799624489E-02
    2.9420353196E-07    -1.3902959607E-01
    2.9537100630E-07     4.2496614444E-02
    2.9653848063E-07     1.4889223446E-01
    2.9770595496E-07    -4.7401049269E-02
    2.9887342930E-07    -1.5879027913E-01
    3.0004090363E-07     5.2619196171E-02
    3.0120837796E-07     1.6871450897E-01
    3.0237585230E-07    -5.8242158943E-02
    3.0354332663E-07    -1.7869308850E-01
    3.0471080096E-07     6.4325736201E-02
    3.0587827530E-07     1.8876952222E-01
    3.0704574963E-07    -7.0883094823E-02
    3.0821322396E-07    -1.9897764744E-01
    3.0938069830E-07     7.7890398751E-02
    3.1054817263E-07     2.0932076604E-01
    3.1171564696E-07    -8.5301928744E-02
    3.1288312130E-07    -2.1975914605E-01
    3.1405059563E-07     9.3069820010E-02
    3.1521806996E-07     2.3020766747E-01
    3.1638554430E-07    -1.0116285250E-01
    3.1755301863E-07    -2.4054294730E-01
    3.1872049296E-07     1.0958009923E-01
    3.1988796730E-07     2.5061663760E-01
    3.2105544163E-07    -1.1835819077E-01
    3.2222291596E-07    -2.6027088703E-01
    3.2339039029E-07     1.2757199171E-01
    3.2455786463E-07     2.6935285664E-01
    3.2572533896E-07    -1.3732992411E-01
    3.2689281329E-07    -2.7772573018E-01
    3.2806028763E-07     1.4776673960E-01
    3.2922776196E-07     2.8527530207E-01
    3.3039523629E-07    -1.5903564902E-01
    3.3156271063E-07    -2.9191245896E-01
