    1.1674743332E-09     0.0000000000E+00
    2.3349486664E-09     0.0000000000E+00
    3.5024229996E-09    -3.8347261141E-07
    4.6698973328E-09    -4.3661843065E-05
    5.8373716660E-09    -1.6266235420E-03
    7.0048459992E-09    -1.9979321835E-02
    8.1723203324E-09    -8.1205234029E-02
    9.3397946655E-09    -9.4690262994E-02
    1.0507268999E-08     6.0943081787E-02
    1.1674743332E-08     1.9447569695E-01
    1.2842217665E-08     6.0967905156E-02
    1.4009691998E-08    -1.4660807594E-01
    1.5177166332E-08    -8.8456736220E-02
    1.6344640665E-08     1.1778133905E-01
    1.7512114998E-08     1.0548285420E-01
    1.8679589331E-08    -8.7635687110E-02
    1.9847063664E-08    -1.1036458185E-01
    2.1014537997E-08     6.0634864134E-02
    2.2182012331E-08     1.0625079387E-01
    2.3349486664E-08    -4.0455210354E-02
    2.4516960997E-08    -9.8889650412E-02
    2.5684435330E-08     2.5893409557E-02
    2.6851909663E-08     8.9887478999E-02
    2.8019383997E-08    -2.2547858145E-02
    2.9186858330E-08    -1.0448594281E-01
    3.0354332663E-08    -2.3670296499E-02
    3.1521806996E-08     6.1336847026E-02
    3.2689281329E-08     2.5389508783E-02
    3.3856755663E-08    -1.4817466919E-02
    3.5024229996E-08     3.0654673393E-02
    3.6191704329E-08     4.6416777658E-02
    3.7359178662E-08    -3.6366579748E-02
    3.8526652995E-08    -7.7678964028E-02
    3.9694127329E-08     1.2194816041E-02
    4.0861601662E-08     8.9802032922E-02
    4.2029075995E-08     2.8143130426E-02
    4.3196550328E-08    -6.2391318265E-02
    4.4364024661E-08    -3.6804446873E-02
    4.5531498995E-08     4.7354061692E-02
    4.6698973328E-08     6.5970480069E-02
    4.7866447661E-08     3.4799567363E-02
    4.9033921994E-08     1.6297427827E-02
    5.0201396327E-08    -2.3293697246E-02
    5.1368870661E-08    -9.9392183510E-02
    5.2536344994E-08    -1.0014631317E-01
    5.3703819327E-08     3.2106612737E-02
    5.4871293660E-08     1.3894896208E-01
    5.6038767993E-08     5.1999078851E-02
    5.7206242326E-08    -1.3328491130E-01
    5.8373716660E-08    -1.7297596492E-01
    5.9541190993E-08    -1.0023889672E-02
    6.0708665326E-08     1.6384760954E-01
    6.1876139659E-08     1.6155043071E-01
    6.3043613992E-08     3.8419944499E-03
    6.4211088326E-08    -1.2684912953E-01
    6.5378562659E-08    -8.7001416169E-02
    6.6546036992E-08     5.6475388637E-02
    6.7713511325E-08     8.2180060078E-02
    6.8880985658E-08    -7.7254891065E-02
    7.0048459992E-08    -1.6906208692E-01
    7.1215934325E-08     3.2589358248E-02
    7.2383408658E-08     2.9223381487E-01
    7.3550882991E-08     1.7450658795E-01
    7.4718357324E-08    -2.4113167846E-01
    7.5885831658E-08    -3.5946462336E-01
    7.7053305991E-08     3.7005602860E-02
    7.8220780324E-08     3.7730834782E-01
    7.9388254657E-08     1.4837194613E-01
    8.0555728990E-08    -2.8484085742E-01
    8.1723203324E-08    -2.4609788396E-01
    8.2890677657E-08     1.7575337752E-01
    8.4058151990E-08     2.9086626281E-01
    8.5225626323E-08    -6.7992964211E-02
    8.6393100656E-08    -3.0716609941E-01
    8.7560574990E-08    -5.7077553615E-02
    8.8728049323E-08     2.7088569089E-01
    8.9895523656E-08     1.9008156084E-01
    9.1062997989E-08    -1.3420847244E-01
    9.2230472322E-08    -2.3862512462E-01
    9.3397946655E-08    -6.1138776063E-02
    9.4565420989E-08     1.0429512917E-01
    9.5732895322E-08     1.0262435448E-01
    9.6900369655E-08     2.0673069957E-02
    9.8067843988E-08    -4.0859196832E-02
    9.9235318321E-08    -3.3363451256E-02
    1.0040279265E-07     5.7673791693E-02
    1.0157026699E-07     1.1550918264E-01
    1.0273774132E-07    -2.3467509951E-02
    1.0390521565E-07    -2.3840611114E-01
    1.0507268999E-07    -1.7230987417E-01
    1.0624016432E-07     1.8597941208E-01
    1.0740763865E-07     3.3723455085E-01
    1.0857511299E-07     7.7825065895E-03
    1.0974258732E-07    -3.3420622004E-01
    1.1091006165E-07    -1.5927451443E-01
    1.1207753599E-07     2.5776602581E-01
    1.1324501032E-07     2.5261796130E-01
    1.1441248465E-07    -1.5405170624E-01
    1.1557995899E-07    -2.9457096992E-01
    1.1674743332E-07     5.2753792828E-02
    1.1791490765E-07     3.2017976220E-01
    1.1908238199E-07     8.2365798358E-02
    1.2024985632E-07    -2.9346505455E-01
    1.2141733065E-07    -2.6454882303E-01
    1.2258480499E-07     8.9541730492E-02
    1.2375227932E-07     2.8371433338E-01
    1.2491975365E-07     1.3750510280E-01
    1.2608722798E-07    -1.0525046298E-01
    1.2725470232E-07    -1.8770542652E-01
    1.2842217665E-07    -7.6644894098E-02
    1.2958965098E-07     9.6724392291E-02
    1.3075712532E-07     1.4173166967E-01
    1.3192459965E-07    -1.8682102636E-02
    1.3309207398E-07    -1.7545454903E-01
    1.3425954832E-07    -4.8299998797E-02
    1.3542702265E-07     2.3582387962E-01
    1.3659449698E-07     2.1010483295E-01
    1.3776197132E-07    -2.0379034610E-01
    1.3892944565E-07    -4.3250923220E-01
    1.4009691998E-07    -6.1699171003E-02
    1.4126439432E-07     4.5145229674E-01
    1.4243186865E-07     3.8355278609E-01
    1.4359934298E-07    -1.6593472536E-01
    1.4476681732E-07    -4.0483643194E-01
    1.4593429165E-07    -3.5113260520E-02
    1.4710176598E-07     3.2843192512E-01
    1.4826924032E-07     1.2485584777E-01
    1.4943671465E-07    -3.1473611810E-01
    1.5060418898E-07    -3.0055230286E-01
    1.5177166332E-07     1.7792970578E-01
    1.5293913765E-07     4.4538653553E-01
    1.5410661198E-07     1.0866964847E-01
    1.5527408631E-07    -4.0149681323E-01
    1.5644156065E-07    -4.1463584783E-01
    1.5760903498E-07     9.9819044801E-02
    1.5877650931E-07     4.9599073584E-01
    1.5994398365E-07     2.7948805050E-01
    1.6111145798E-07    -2.5445979549E-01
    1.6227893231E-07    -4.0266869752E-01
    1.6344640665E-07    -1.7374731085E-04
    1.6461388098E-07     3.3353873767E-01
    1.6578135531E-07     6.6538791593E-02
    1.6694882965E-07    -4.2509929051E-01
    1.6811630398E-07    -3.4166352791E-01
    1.6928377831E-07     3.3254192007E-01
    1.7045125265E-07     6.8590615664E-01
    1.7161872698E-07     1.5541969196E-01
    1.7278620131E-07    -5.9021480452E-01
    1.7395367565E-07    -5.3852747834E-01
    1.7512114998E-07     2.2751653661E-01
    1.7628862431E-07     6.4327145233E-01
    1.7745609865E-07     1.7565497642E-01
    1.7862357298E-07    -4.6281488778E-01
    1.7979104731E-07    -3.8565311759E-01
    1.8095852164E-07     2.1714806348E-01
    1.8212599598E-07     4.1580201240E-01
    1.8329347031E-07    -1.0040229197E-01
    1.8446094464E-07    -5.7884476632E-01
    1.8562841898E-07    -2.5349119967E-01
    1.8679589331E-07     5.6004067476E-01
    1.8796336764E-07     8.0672969779E-01
    1.8913084198E-07     7.7743291593E-02
    1.9029831631E-07    -7.6252601393E-01
    1.9146579064E-07    -6.4523673221E-01
    1.9263326498E-07     2.4469552168E-01
    1.9380073931E-07     6.5955924246E-01
