    1.2175089475E-09     0.0000000000E+00
    2.4350178949E-09     0.0000000000E+00
    3.6525268424E-09    -3.9142748800E-07
    4.8700357899E-09    -5.3097736548E-05
    6.0875447374E-09    -2.1311889508E-03
    7.3050536848E-09    -2.5303861460E-02
    8.5225626323E-09    -8.6854620191E-02
    9.7400715798E-09    -5.6135735012E-02
    1.0957580527E-08     1.1929555490E-01
    1.2175089475E-08     1.5201503559E-01
    1.3392598422E-08    -5.3177100845E-02
    1.4610107370E-08    -1.3746832674E-01
    1.5827616317E-08     4.1406673564E-02
    1.7045125265E-08     1.2835345700E-01
    1.8262634212E-08    -3.3487621557E-02
    1.9480143160E-08    -1.1561854862E-01
    2.0697652107E-08     2.9470992658E-02
    2.1915161055E-08     1.0105710684E-01
    2.3132670002E-08    -2.9362835161E-02
    2.4350178949E-08    -8.7766114346E-02
    2.5567687897E-08     2.9836231769E-02
    2.6785196844E-08     7.1479181063E-02
    2.8002705792E-08    -4.4299091026E-02
    2.9220214739E-08    -8.7634210215E-02
    3.0437723687E-08     4.2559838071E-03
    3.1655232634E-08     3.5495981499E-02
    3.2872741582E-08    -1.9253289138E-02
    3.4090250529E-08     1.2226693892E-02
    3.5307759477E-08     9.8631275697E-02
    3.6525268424E-08     4.5333204158E-02
    3.7742777372E-08    -9.3073154568E-02
    3.8960286319E-08    -8.1387838126E-02
    4.0177795267E-08     5.8525900134E-02
    4.1395304214E-08     8.6561692241E-02
    4.2612813162E-08    -2.7545498439E-02
    4.3830322109E-08    -8.2873772992E-02
    4.5047831057E-08    -1.0174136434E-02
    4.6265340004E-08     5.9837103860E-02
    4.7482848951E-08     5.3635628511E-02
    4.8700357899E-08     2.6096351183E-02
    4.9917866846E-08     8.2826031242E-03
    5.1135375794E-08    -2.5632578410E-02
    5.2352884741E-08    -6.6066978256E-02
    5.3570393689E-08    -6.3347946681E-02
    5.4787902636E-08     8.2855771662E-04
    5.6005411584E-08     7.6530974452E-02
    5.7222920531E-08     7.0339536531E-02
    5.8440429479E-08    -4.2685620868E-02
    5.9657938426E-08    -1.2182698811E-01
    6.0875447374E-08    -2.1560539343E-02
    6.2092956321E-08     1.3392558457E-01
    6.3310465269E-08     8.7995999157E-02
    6.4527974216E-08    -9.9535323554E-02
    6.5745483164E-08    -1.0287885428E-01
    6.6962992111E-08     8.9405646912E-02
    6.8180501059E-08     1.1288118357E-01
    6.9398010006E-08    -1.0304923639E-01
    7.0615518953E-08    -1.5835372223E-01
    7.1833027901E-08     8.4560717468E-02
    7.3050536848E-08     1.9966915939E-01
    7.4268045796E-08    -3.7128714412E-02
    7.5485554743E-08    -2.1085955870E-01
    7.6703063691E-08    -1.3956400047E-02
    7.7920572638E-08     1.9255212886E-01
    7.9138081586E-08     5.0103839213E-02
    8.0355590533E-08    -1.5745739003E-01
    8.1573099481E-08    -6.4923310047E-02
    8.2790608428E-08     1.1891375175E-01
    8.4008117376E-08     6.0775761419E-02
    8.5225626323E-08    -8.5621083926E-02
    8.6443135271E-08    -4.3228325977E-02
    8.7660644218E-08     6.1869458067E-02
    8.8878153166E-08     1.8058431502E-02
    9.0095662113E-08    -4.9240971391E-02
    9.1313171060E-08     9.2275964733E-03
    9.2530680008E-08     4.7086079962E-02
    9.3748188955E-08    -3.3950462633E-02
    9.4965697903E-08    -5.2814623038E-02
    9.6183206850E-08     5.3167161608E-02
    9.7400715798E-08     6.2861192565E-02
    9.8618224745E-08    -6.6129434919E-02
    9.9835733693E-08    -7.4132077786E-02
    1.0105324264E-07     7.3637963323E-02
    1.0227075159E-07     8.4973344347E-02
    1.0348826054E-07    -7.6459716409E-02
    1.0470576948E-07    -9.4403052789E-02
    1.0592327843E-07     7.4849096718E-02
    1.0714078738E-07     1.0090698230E-01
    1.0835829633E-07    -6.9740407004E-02
    1.0957580527E-07    -1.0298155490E-01
    1.1079331422E-07     6.3267033266E-02
    1.1201082317E-07     1.0046355721E-01
    1.1322833212E-07    -5.7696120936E-02
    1.1444584106E-07    -9.4757657696E-02
    1.1566335001E-07     5.4111883468E-02
    1.1688085896E-07     8.7820880883E-02
    1.1809836790E-07    -5.2015496253E-02
    1.1931587685E-07    -8.0732815559E-02
    1.2053338580E-07     5.0342091868E-02
    1.2175089475E-07     7.3335734188E-02
    1.2296840369E-07    -4.8806497074E-02
    1.2418591264E-07    -6.5377528748E-02
    1.2540342159E-07     4.7803172913E-02
    1.2662093054E-07     5.7377282443E-02
    1.2783843948E-07    -4.7310836270E-02
    1.2905594843E-07    -5.0093656097E-02
    1.3027345738E-07     4.6519030806E-02
    1.3149096633E-07     4.3587515710E-02
    1.3270847527E-07    -4.4521867843E-02
    1.3392598422E-07    -3.7054380976E-02
    1.3514349317E-07     4.1173731801E-02
    1.3636100212E-07     2.9522248898E-02
    1.3757851106E-07    -3.7229752511E-02
    1.3879602001E-07    -2.0640526044E-02
    1.4001352896E-07     3.3742570874E-02
    1.4123103791E-07     1.0824475056E-02
    1.4244854685E-07    -3.1442248127E-02
    1.4366605580E-07    -8.6137284281E-04
    1.4488356475E-07     3.0592456385E-02
    1.4610107370E-07    -8.4490434979E-03
    1.4731858264E-07    -3.1133027008E-02
    1.4853609159E-07     1.6396611339E-02
    1.4975360054E-07     3.2769314644E-02
    1.5097110949E-07    -2.2382863961E-02
    1.5218861843E-07    -3.4964529187E-02
    1.5340612738E-07     2.6022779462E-02
    1.5462363633E-07     3.6978212587E-02
    1.5584114528E-07    -2.7282577995E-02
    1.5705865422E-07    -3.8021297052E-02
    1.5827616317E-07     2.6531339358E-02
    1.5949367212E-07     3.7459171985E-02
    1.6071118107E-07    -2.4464060960E-02
    1.6192869001E-07    -3.4962951255E-02
    1.6314619896E-07     2.1946311431E-02
    1.6436370791E-07     3.0570614624E-02
    1.6558121686E-07    -1.9842807796E-02
    1.6679872580E-07    -2.4670036789E-02
    1.6801623475E-07     1.8860521173E-02
    1.6923374370E-07     1.7917577866E-02
    1.7045125265E-07    -1.9425452893E-02
    1.7166876159E-07    -1.1099358203E-02
    1.7288627054E-07     2.1623942051E-02
    1.7410377949E-07     4.9628631525E-03
    1.7532128844E-07    -2.5232878556E-02
    1.7653879738E-07    -7.3860606595E-05
    1.7775630633E-07     2.9822308940E-02
    1.7897381528E-07    -3.2560747670E-03
    1.8019132423E-07    -3.4877637626E-02
    1.8140883317E-07     4.9718480548E-03
    1.8262634212E-07     3.9897308012E-02
    1.8384385107E-07    -5.2404161160E-03
    1.8506136002E-07    -4.4459649373E-02
    1.8627886896E-07     4.4047023604E-03
    1.8749637791E-07     4.8273283315E-02
    1.8871388686E-07    -2.9246945451E-03
    1.8993139581E-07    -5.1213200521E-02
    1.9114890475E-07     1.2984093657E-03
    1.9236641370E-07     5.3325690204E-02
    1.9358392265E-07     2.5129208429E-05
    1.9480143160E-07    -5.4789845031E-02
    1.9601894054E-07    -7.1180854230E-04
    1.9723644949E-07     5.5848321167E-02
    1.9845395844E-07     5.6693338034E-04
    1.9967146739E-07    -5.6736736488E-02
    2.0088897633E-07     4.7728580348E-04
    2.0210648528E-07     5.7633627271E-02
    2.0332399423E-07    -2.3920977548E-03
    2.0454150318E-07    -5.8634149324E-02
    2.0575901212E-07     5.0855914203E-03
    2.0697652107E-07     5.9740876931E-02
    2.0819403002E-07    -8.4350582206E-03
    2.0941153897E-07    -6.0867976901E-02
    2.1062904791E-07     1.2317590327E-02
    2.1184655686E-07     6.1859759433E-02
    2.1306406581E-07    -1.6633967711E-02
    2.1428157476E-07    -6.2522393108E-02
    2.1549908370E-07     2.1318446400E-02
    2.1671659265E-07     6.2661091280E-02
    2.1793410160E-07    -2.6331371213E-02
    2.1915161055E-07    -6.2112028600E-02
    2.2036911949E-07     3.1638804868E-02
    2.2158662844E-07     6.0761374266E-02
    2.2280413739E-07    -3.7187628509E-02
    2.2402164634E-07    -5.8549644496E-02
    2.2523915528E-07     4.2884263866E-02
    2.2645666423E-07     5.5463995794E-02
    2.2767417318E-07    -4.8582593024E-02
    2.2889168212E-07    -5.1523183953E-02
    2.3010919107E-07     5.4083898837E-02
    2.3132670002E-07     4.6760702070E-02
    2.3254420897E-07    -5.9148965330E-02
    2.3376171791E-07    -4.1211497854E-02
    2.3497922686E-07     6.3519706886E-02
    2.3619673581E-07     3.4906261315E-02
    2.3741424476E-07    -6.6945533670E-02
    2.3863175370E-07    -2.7874697362E-02
    2.3984926265E-07     6.9209024290E-02
    2.4106677160E-07     2.0156512475E-02
    2.4228428055E-07    -7.0146379334E-02
    2.4350178949E-07    -1.1817046001E-02
    2.4471929844E-07     6.9659765996E-02
    2.4593680739E-07     2.9636783591E-03
    2.4715431634E-07    -6.7720382546E-02
    2.4837182528E-07     6.2410393694E-03
    2.4958933423E-07     6.4362817034E-02
    2.5080684318E-07    -1.5573239622E-02
    2.5202435213E-07    -5.9673060002E-02
    2.5324186107E-07     2.4751085055E-02
    2.5445937002E-07     5.3773885435E-02
    2.5567687897E-07    -3.3448062120E-02
    2.5689438792E-07    -4.6811560479E-02
    2.5811189686E-07     4.1314428010E-02
    2.5932940581E-07     3.8946819728E-02
    2.6054691476E-07    -4.8003459808E-02
    2.6176442371E-07    -3.0351318948E-02
    2.6298193265E-07     5.3198679032E-02
    2.6419944160E-07     2.1209163415E-02
    2.6541695055E-07    -5.6638588108E-02
    2.6663445950E-07    -1.1721997887E-02
    2.6785196844E-07     5.8136227431E-02
    2.6906947739E-07     2.1154986479E-03
    2.7028698634E-07    -5.7591835579E-02
    2.7150449529E-07     7.3552115210E-03
    2.7272200423E-07     5.4998046748E-02
    2.7393951318E-07    -1.6403645498E-02
    2.7515702213E-07    -5.0438270128E-02
    2.7637453108E-07     2.4715386612E-02
    2.7759204002E-07     4.4079865426E-02
    2.7880954897E-07    -3.1957709854E-02
    2.8002705792E-07    -3.6164170452E-02
    2.8124456687E-07     3.7795021550E-02
    2.8246207581E-07     2.6995291308E-02
    2.8367958476E-07    -4.1908697708E-02
    2.8489709371E-07    -1.6929007677E-02
    2.8611460266E-07     4.4019202001E-02
    2.8733211160E-07     6.3624304804E-03
    2.8854962055E-07    -4.3908073909E-02
    2.8976712950E-07     4.2756232730E-03
    2.9098463845E-07     4.1437482570E-02
    2.9220214739E-07    -1.4534091633E-02
    2.9341965634E-07    -3.6565493691E-02
    2.9463716529E-07     2.3949820816E-02
    2.9585467424E-07     2.9355887594E-02
    2.9707218318E-07    -3.2059316626E-02
    2.9828969213E-07    -1.9982126462E-02
    2.9950720108E-07     3.8412794380E-02
    3.0072471003E-07     8.7257204701E-03
    3.0194221897E-07    -4.2590807351E-02
    3.0315972792E-07     4.0303341520E-03
    3.0437723687E-07     4.4223182403E-02
    3.0559474582E-07    -1.7812210224E-02
    3.0681225476E-07    -4.3009413551E-02
    3.0802976371E-07     3.2069224636E-02
    3.0924727266E-07     3.8739167820E-02
    3.1046478161E-07    -4.6190558105E-02
    3.1168229055E-07    -3.1311244255E-02
    3.1289979950E-07     5.9524369226E-02
    3.1411730845E-07     2.0749274201E-02
    3.1533481740E-07    -7.1399110495E-02
    3.1655232634E-07    -7.2126779088E-03
    3.1776983529E-07     8.1146900293E-02
    3.1898734424E-07    -8.9981656829E-03
    3.2020485319E-07    -8.8128738962E-02
    3.2142236213E-07     2.7443048259E-02
    3.2263987108E-07     9.1761198986E-02
    3.2385738003E-07    -4.7549382851E-02
    3.2507488898E-07    -9.1543989583E-02
    3.2629239792E-07     6.8625637073E-02
    3.2750990687E-07     8.7087514422E-02
    3.2872741582E-07    -8.9880205840E-02
    3.2994492477E-07    -7.8139238244E-02
    3.3116243371E-07     1.1044511011E-01
    3.3237994266E-07     6.4607403114E-02
    3.3359745161E-07    -1.2940390970E-01
    3.3481496056E-07    -4.6580454033E-02
    3.3603246950E-07     1.4582321248E-01
    3.3724997845E-07     2.4340520729E-02
    3.3846748740E-07    -1.5878709291E-01
    3.3968499635E-07     1.6304917459E-03
    3.4090250529E-07     1.6743359744E-01
    3.4212001424E-07    -3.0653239393E-02
    3.4333752319E-07    -1.7099235077E-01
    3.4455503213E-07     6.1862203064E-02
    3.4577254108E-07     1.6882212085E-01
    3.4699005003E-07    -9.4225834437E-02
    3.4820755898E-07    -1.6044706433E-01
    3.4942506792E-07     1.2657507798E-01
    3.5064257687E-07     1.4559024688E-01
    3.5186008582E-07    -1.5763943185E-01
    3.5307759477E-07    -1.2420290510E-01
    3.5429510371E-07     1.8608949939E-01
