    1.2175089475E-09     0.0000000000E+00
    2.4350178949E-09     0.0000000000E+00
    3.6525268424E-09    -3.9142748800E-07
    4.8700357899E-09    -5.3097736548E-05
    6.0875447374E-09    -2.1311889508E-03
    7.3050536848E-09    -2.5303861460E-02
    8.5225626323E-09    -8.6854620191E-02
    9.7400715798E-09    -5.6135735012E-02
    1.0957580527E-08     1.1929555490E-01
    1.2175089475E-08     1.5201503559E-01
    1.3392598422E-08    -5.3177100845E-02
    1.4610107370E-08    -1.3746832674E-01
    1.5827616317E-08     4.1406673564E-02
    1.7045125265E-08     1.2835345700E-01
    1.8262634212E-08    -3.3487621497E-02
    1.9480143160E-08    -1.1561853983E-01
    2.0697652107E-08     2.9471416202E-02
    2.1915161055E-08     1.0106531524E-01
    2.3132670002E-08    -2.9281186141E-02
    2.4350178949E-08    -8.7270098892E-02
    2.5567687897E-08     3.1862793146E-02
    2.6785196844E-08     7.7319673552E-02
    2.8002705792E-08    -3.2327636744E-02
    2.9220214739E-08    -7.1034886971E-02
    3.0437723687E-08     1.6234504661E-02
    3.1655232634E-08     2.9194398412E-02
    3.2872741582E-08    -4.8148022256E-02
    3.4090250529E-08    -2.2643797515E-02
    3.5307759477E-08     8.4499952985E-02
    3.6525268424E-08     5.8538048730E-02
    3.7742777372E-08    -7.8307819046E-02
    3.8960286319E-08    -9.1250962768E-02
    4.0177795267E-08     3.7517888480E-02
    4.1395304214E-08     9.3072711119E-02
    4.2612813162E-08     1.0306041917E-02
    4.3830322109E-08    -6.1862648065E-02
    4.5047831057E-08    -4.2300768621E-02
    4.6265340004E-08     5.8403283642E-03
    4.7482848951E-08     3.4061662016E-02
    4.8700357899E-08     4.3249271301E-02
    4.9917866846E-08     2.1463706269E-02
    5.1135375794E-08    -2.0249705409E-02
    5.2352884741E-08    -3.0978594574E-02
    5.3570393689E-08    -6.8683593426E-03
    5.4787902636E-08     6.8013902882E-03
    5.6005411584E-08     8.8248379761E-03
    5.7222920531E-08     1.7401306545E-02
    5.8440429479E-08    -7.6312960750E-04
    5.9657938426E-08    -4.4825533445E-02
    6.0875447374E-08    -2.6765522537E-02
    6.2092956321E-08     5.6689813246E-02
    6.3310465269E-08     6.3766976371E-02
    6.4527974216E-08    -3.3444635621E-02
    6.5745483164E-08    -5.9679213240E-02
    6.6962992111E-08     3.4464327759E-02
    6.8180501059E-08     5.1595279928E-02
    6.9398010006E-08    -6.4240314573E-02
    7.0615518953E-08    -8.0407355288E-02
    7.1833027901E-08     7.2317785692E-02
    7.3050536848E-08     1.1658790135E-01
    7.4268045796E-08    -5.5314652287E-02
    7.5485554743E-08    -1.3831946828E-01
    7.6703063691E-08     2.7992094988E-02
    7.7920572638E-08     1.4155575338E-01
    7.9138081586E-08    -2.8527183543E-03
    8.0355590533E-08    -1.3069534936E-01
    8.1573099481E-08    -1.3437728027E-02
    8.2790608428E-08     1.1246947639E-01
    8.4008117376E-08     1.9149062221E-02
    8.5225626323E-08    -9.2953218603E-02
    8.6443135271E-08    -1.5801710859E-02
    8.7660644218E-08     7.6289101602E-02
    8.8878153166E-08     6.5840937576E-03
    9.0095662113E-08    -6.4254319766E-02
    9.1313171060E-08     5.1694693834E-03
    9.2530680008E-08     5.6645566977E-02
    9.3748188955E-08    -1.7090507931E-02
    9.4965697903E-08    -5.2269460328E-02
    9.6183206850E-08     2.8098030913E-02
    9.7400715798E-08     4.9968767819E-02
    9.8618224745E-08    -3.7979613823E-02
    9.9835733693E-08    -4.9180937175E-02
    1.0105324264E-07     4.6582706496E-02
    1.0227075159E-07     4.9661976451E-02
    1.0348826054E-07    -5.3440079743E-02
    1.0470576948E-07    -5.0846175720E-02
    1.0592327843E-07     5.8231198656E-02
    1.0714078738E-07     5.1851397612E-02
    1.0835829633E-07    -6.1238883191E-02
    1.0957580527E-07    -5.2067421289E-02
    1.1079331422E-07     6.3114089923E-02
    1.1201082317E-07     5.1477798481E-02
    1.1322833212E-07    -6.4319732049E-02
    1.1444584106E-07    -5.0425478693E-02
    1.1566335001E-07     6.4813707377E-02
    1.1688085896E-07     4.9067958430E-02
    1.1809836790E-07    -6.4274754997E-02
    1.1931587685E-07    -4.7040954236E-02
    1.2053338580E-07     6.2718529869E-02
    1.2175089475E-07     4.3803314242E-02
    1.2296840369E-07    -6.0746476442E-02
    1.2418591264E-07    -3.9268003758E-02
    1.2540342159E-07     5.9101958313E-02
    1.2662093054E-07     3.3936209015E-02
    1.2783843948E-07    -5.8133618041E-02
    1.2905594843E-07    -2.8518528824E-02
    1.3027345738E-07     5.7659414777E-02
    1.3149096633E-07     2.3493001279E-02
    1.3270847527E-07    -5.7201871826E-02
    1.3392598422E-07    -1.8891160833E-02
    1.3514349317E-07     5.6388768871E-02
    1.3636100212E-07     1.4449781741E-02
    1.3757851106E-07    -5.5183308830E-02
    1.3879602001E-07    -9.9596161556E-03
    1.4001352896E-07     5.3750573317E-02
    1.4123103791E-07     5.4180428436E-03
    1.4244854685E-07    -5.2215017443E-02
    1.4366605580E-07    -9.1304668341E-04
    1.4488356475E-07     5.0604698238E-02
    1.4610107370E-07    -3.5034221149E-03
    1.4731858264E-07    -4.8938214819E-02
    1.4853609159E-07     7.8080456584E-03
    1.4975360054E-07     4.7277544782E-02
    1.5097110949E-07    -1.1937236551E-02
    1.5218861843E-07    -4.5693161257E-02
    1.5340612738E-07     1.5758688591E-02
    1.5462363633E-07     4.4197800125E-02
    1.5584114528E-07    -1.9106039483E-02
    1.5705865422E-07    -4.2709083584E-02
    1.5827616317E-07     2.1844866849E-02
    1.5949367212E-07     4.1062701958E-02
    1.6071118107E-07    -2.3928806036E-02
    1.6192869001E-07    -3.9064271609E-02
    1.6314619896E-07     2.5420114942E-02
    1.6436370791E-07     3.6553404656E-02
    1.6558121686E-07    -2.6468575270E-02
    1.6679872580E-07    -3.3451536763E-02
    1.6801623475E-07     2.7261962284E-02
    1.6923374370E-07     2.9775447479E-02
    1.7045125265E-07    -2.7973620709E-02
    1.7166876159E-07    -2.5618278633E-02
    1.7288627054E-07     2.8728940761E-02
    1.7410377949E-07     2.1115331931E-02
    1.7532128844E-07    -2.9597513300E-02
    1.7653879738E-07    -1.6415174751E-02
    1.7775630633E-07     3.0600027721E-02
    1.7897381528E-07     1.1662896270E-02
    1.8019132423E-07    -3.1717058366E-02
    1.8140883317E-07    -6.9904707694E-03
    1.8262634212E-07     3.2895162728E-02
    1.8384385107E-07     2.5068497369E-03
    1.8506136002E-07    -3.4054782597E-02
    1.8627886896E-07     1.7122792097E-03
    1.8749637791E-07     3.5104312828E-02
    1.8871388686E-07    -5.6286838955E-03
    1.8993139581E-07    -3.5956951182E-02
    1.9114890475E-07     9.2364602556E-03
    1.9236641370E-07     3.6543427541E-02
    1.9358392265E-07    -1.2550436812E-02
    1.9480143160E-07    -3.6815692302E-02
    1.9601894054E-07     1.5596069508E-02
    1.9723644949E-07     3.6744895619E-02
    1.9845395844E-07    -1.8404220307E-02
    1.9967146739E-07    -3.6318965592E-02
    2.0088897633E-07     2.1009185077E-02
    2.0210648528E-07     3.5542743385E-02
    2.0332399423E-07    -2.3445741888E-02
    2.0454150318E-07    -3.4438879950E-02
    2.0575901212E-07     2.5743333028E-02
    2.0697652107E-07     3.3045589193E-02
    2.0819403002E-07    -2.7920075725E-02
    2.0941153897E-07    -3.1410549987E-02
    2.1062904791E-07     2.9979598797E-02
    2.1184655686E-07     2.9582543110E-02
    2.1306406581E-07    -3.1912924198E-02
    2.1428157476E-07    -2.7605007468E-02
    2.1549908370E-07     3.3703300076E-02
    2.1671659265E-07     2.5512962778E-02
    2.1793410160E-07    -3.5331654287E-02
    2.1915161055E-07    -2.3333253548E-02
    2.2036911949E-07     3.6780528928E-02
    2.2158662844E-07     2.1086482131E-02
    2.2280413739E-07    -3.8035982670E-02
    2.2402164634E-07    -1.8789055830E-02
    2.2523915528E-07     3.9088251205E-02
    2.2645666423E-07     1.6455134096E-02
    2.2767417318E-07    -3.9931221117E-02
    2.2889168212E-07    -1.4097717479E-02
    2.3010919107E-07     4.0561752051E-02
    2.3132670002E-07     1.1729535218E-02
    2.3254420897E-07    -4.0978424726E-02
    2.3376171791E-07    -9.3630751231E-03
    2.3497922686E-07     4.1180515168E-02
    2.3619673581E-07     7.0101857154E-03
    2.3741424476E-07    -4.1167201399E-02
    2.3863175370E-07    -4.6811748724E-03
    2.3984926265E-07     4.0937428958E-02
    2.4106677160E-07     2.3837437470E-03
    2.4228428055E-07    -4.0490733680E-02
    2.4350178949E-07    -1.2257895827E-04
    2.4471929844E-07     3.9828346386E-02
    2.4593680739E-07    -2.1005598518E-03
    2.4715431634E-07    -3.8954665255E-02
    2.4837182528E-07     4.2856031896E-03
    2.4958933423E-07     3.7877923179E-02
    2.5080684318E-07    -6.4327716905E-03
    2.5202435213E-07    -3.6610415663E-02
    2.5324186107E-07     8.5409107040E-03
    2.5445937002E-07     3.5167871772E-02
    2.5567687897E-07    -1.0606275798E-02
    2.5689438792E-07    -3.3568437471E-02
    2.5811189686E-07     1.2621827298E-02
    2.5932940581E-07     3.1831542200E-02
    2.6054691476E-07    -1.4576894804E-02
    2.6176442371E-07    -2.9976527557E-02
    2.6298193265E-07     1.6457603831E-02
    2.6419944160E-07     2.8021689279E-02
    2.6541695055E-07    -1.8247430617E-02
    2.6663445950E-07    -2.5983232702E-02
    2.6785196844E-07     1.9928451750E-02
    2.6906947739E-07     2.3874928465E-02
    2.7028698634E-07    -2.1482492216E-02
    2.7150449529E-07    -2.1707960131E-02
    2.7272200423E-07     2.2892450519E-02
    2.7393951318E-07     1.9491302349E-02
    2.7515702213E-07    -2.4143369307E-02
    2.7637453108E-07    -1.7232385084E-02
    2.7759204002E-07     2.5223141877E-02
    2.7880954897E-07     1.4937751589E-02
    2.8002705792E-07    -2.6123108476E-02
    2.8124456687E-07    -1.2613983679E-02
    2.8246207581E-07     2.6838056336E-02
    2.8367958476E-07     1.0268222096E-02
    2.8489709371E-07    -2.7366284212E-02
    2.8611460266E-07    -7.9088742844E-03
    2.8733211160E-07     2.7709106114E-02
    2.8854962055E-07     5.5458186577E-03
    2.8976712950E-07    -2.7870431424E-02
    2.9098463845E-07    -3.1905638610E-03
    2.9220214739E-07     2.7856111604E-02
    2.9341965634E-07     8.5608274419E-04
    2.9463716529E-07    -2.7673295342E-02
    2.9585467424E-07     1.4436342903E-03
    2.9707218318E-07     2.7330006614E-02
    2.9828969213E-07    -3.6939747821E-03
    2.9950720108E-07    -2.6834614610E-02
    3.0072471003E-07     5.8804493585E-03
    3.0194221897E-07     2.6195774281E-02
    3.0315972792E-07    -7.9890769143E-03
    3.0437723687E-07    -2.5422152140E-02
    3.0559474582E-07     1.0007011263E-02
    3.0681225476E-07     2.4522535152E-02
    3.0802976371E-07    -1.1922783847E-02
    3.0924727266E-07    -2.3505770649E-02
    3.1046478161E-07     1.3726559540E-02
    3.1168229055E-07     2.2380796396E-02
    3.1289979950E-07    -1.5410249289E-02
    3.1411730845E-07    -2.1156710019E-02
    3.1533481740E-07     1.6967392095E-02
    3.1655232634E-07     1.9842623087E-02
    3.1776983529E-07    -1.8393203564E-02
    3.1898734424E-07    -1.8447772201E-02
    3.2020485319E-07     1.9684264332E-02
    3.2142236213E-07     1.6981273683E-02
    3.2263987108E-07    -2.0838531221E-02
    3.2385738003E-07    -1.5452201701E-02
    3.2507488898E-07     2.1855039377E-02
    3.2629239792E-07     1.3869410635E-02
    3.2750990687E-07    -2.2733820042E-02
    3.2872741582E-07    -1.2241542090E-02
    3.2994492477E-07     2.3475721493E-02
    3.3116243371E-07     1.0577041798E-02
    3.3237994266E-07    -2.4082180237E-02
    3.3359745161E-07    -8.8840948998E-03
    3.3481496056E-07     2.4555171629E-02
    3.3603246950E-07     7.1708207231E-03
    3.3724997845E-07    -2.4896888943E-02
    3.3846748740E-07    -5.4451661250E-03
    3.3968499635E-07     2.5109774659E-02
    3.4090250529E-07     3.7151377131E-03
    3.4212001424E-07    -2.5196246272E-02
    3.4333752319E-07    -1.9887113366E-03
    3.4455503213E-07     2.5158727221E-02
    3.4577254108E-07     2.7394581327E-04
    3.4699005003E-07    -2.4999546972E-02
    3.4820755898E-07     1.4210278981E-03
    3.4942506792E-07     2.4720916670E-02
    3.5064257687E-07    -3.0880723874E-03
    3.5186008582E-07    -2.4325055796E-02
    3.5307759477E-07     4.7189542434E-03
    3.5429510371E-07     2.3814137672E-02
    3.5551261266E-07    -6.3055408982E-03
    3.5673012161E-07    -2.3190585193E-02
    3.5794763056E-07     7.8396758281E-03
    3.5916513950E-07     2.2457054722E-02
    3.6038264845E-07    -9.3133975071E-03
    3.6160015740E-07    -2.1616745270E-02
    3.6281766635E-07     1.0718888232E-02
    3.6403517529E-07     2.0673469251E-02
    3.6525268424E-07    -1.2048605191E-02
    3.6647019319E-07    -1.9631813084E-02
    3.6768770214E-07     1.3295369648E-02
    3.6890521108E-07     1.8497289792E-02
    3.7012272003E-07    -1.4452359506E-02
    3.7134022898E-07    -1.7276289798E-02
    3.7255773793E-07     1.5513321225E-02
    3.7377524687E-07     1.5976256442E-02
    3.7499275582E-07    -1.6472478977E-02
    3.7621026477E-07    -1.4605486305E-02
    3.7742777372E-07     1.7324789374E-02
    3.7864528266E-07     1.3173219728E-02
    3.7986279161E-07    -1.8065884460E-02
    3.8108030056E-07    -1.1689403340E-02
    3.8229780951E-07     1.8692255509E-02
    3.8351531845E-07     1.0164598374E-02
    3.8473282740E-07    -1.9201308631E-02
    3.8595033635E-07    -8.6098043836E-03
    3.8716784530E-07     1.9591388834E-02
    3.8838535424E-07     7.0361777611E-03
    3.8960286319E-07    -1.9861934124E-02
    3.9082037214E-07    -5.4549565345E-03
    3.9203788109E-07     2.0013342102E-02
    3.9325539003E-07     3.8770905526E-03
    3.9447289898E-07    -2.0047138755E-02
    3.9569040793E-07    -2.3132256853E-03
    3.9690791688E-07     1.9965785738E-02
    3.9812542582E-07     7.7338672020E-04
    3.9934293477E-07    -1.9772752971E-02
    4.0056044372E-07     7.3307018505E-04
    4.0177795267E-07     1.9472373199E-02
    4.0299546161E-07    -2.1976092357E-03
    4.0421297056E-07    -1.9069735681E-02
    4.0543047951E-07     3.6126413395E-03
    4.0664798846E-07     1.8570633959E-02
    4.0786549740E-07    -4.9714700929E-03
    4.0908300635E-07    -1.7981292913E-02
    4.1030051530E-07     6.2684525646E-03
    4.1151802425E-07     1.7308384063E-02
    4.1273553319E-07    -7.4987954921E-03
    4.1395304214E-07    -1.6558704001E-02
    4.1517055109E-07     8.6586557363E-03
    4.1638806004E-07     1.5739186325E-02
    4.1760556898E-07    -9.7449209142E-03
    4.1882307793E-07    -1.4856674474E-02
    4.2004058688E-07     1.0755175476E-02
    4.2125809583E-07     1.3917851655E-02
    4.2247560477E-07    -1.1687584587E-02
    4.2369311372E-07    -1.2929186391E-02
    4.2491062267E-07     1.2540708325E-02
    4.2612813162E-07     1.1896766478E-02
    4.2734564056E-07    -1.3313513549E-02
    4.2856314951E-07    -1.0826408461E-02
    4.2978065846E-07     1.4005101619E-02
    4.3099816741E-07     9.7234770144E-03
    4.3221567635E-07    -1.4614787414E-02
    4.3343318530E-07    -8.5930774216E-03
    4.3465069425E-07     1.5141873195E-02
    4.3586820320E-07     7.4399797034E-03
    4.3708571214E-07    -1.5585710035E-02
    4.3830322109E-07    -6.2687761343E-03
    4.3952073004E-07     1.5945639049E-02
    4.4073823899E-07     5.0839698283E-03
    4.4195574793E-07    -1.6220972591E-02
    4.4317325688E-07    -3.8900115903E-03
    4.4439076583E-07     1.6411121421E-02
    4.4560827478E-07     2.6915218367E-03
    4.4682578372E-07    -1.6515496104E-02
    4.4804329267E-07    -1.4932180573E-03
    4.4926080162E-07     1.6533738750E-02
    4.5047831057E-07     3.0016434262E-04
    4.5169581951E-07    -1.6465625239E-02
    4.5291332846E-07     8.8232833360E-04
    4.5413083741E-07     1.6311281609E-02
    4.5534834635E-07    -2.0485624343E-03
    4.5656585530E-07    -1.6071191539E-02
    4.5778336425E-07     3.1925068713E-03
    4.5900087320E-07     1.5746299920E-02
    4.6021838214E-07    -4.3078648386E-03
    4.6143589109E-07    -1.5338158879E-02
    4.6265340004E-07     5.3880629361E-03
    4.6387090899E-07     1.4848882842E-02
    4.6508841793E-07    -6.4265050441E-03
    4.6630592688E-07    -1.4281366850E-02
    4.6752343583E-07     7.4165327242E-03
    4.6874094478E-07     1.3639150651E-02
    4.6995845372E-07    -8.3517372402E-03
    4.7117596267E-07    -1.2926593769E-02
    4.7239347162E-07     9.2259660635E-03
    4.7361098057E-07     1.2148756756E-02
    4.7482848951E-07    -1.0033551151E-02
    4.7604599846E-07    -1.1311426893E-02
    4.7726350741E-07     1.0769427116E-02
    4.7848101636E-07     1.0421084372E-02
    4.7969852530E-07    -1.1429199642E-02
    4.8091603425E-07    -9.4847327898E-03
    4.8213354320E-07     1.2009364197E-02
    4.8335105215E-07     8.5099267217E-03
    4.8456856109E-07    -1.2507222324E-02
    4.8578607004E-07    -7.5044633132E-03
    4.8700357899E-07     1.2921097561E-02
    4.8822108794E-07     6.4763968777E-03
    4.8943859688E-07    -1.3250183864E-02
    4.9065610583E-07    -5.4337331464E-03
    4.9187361478E-07     1.3494641444E-02
    4.9309112373E-07     4.3843575377E-03
    4.9430863267E-07    -1.3655490826E-02
    4.9552614162E-07    -3.3358608876E-03
    4.9674365057E-07     1.3734529845E-02
    4.9796115952E-07     2.2953530521E-03
    4.9917866846E-07    -1.3734330394E-02
    5.0039617741E-07    -1.2694572806E-03
    5.0161368636E-07     1.3658000192E-02
    5.0283119531E-07     2.6406019870E-04
    5.0404870425E-07    -1.3509235967E-02
    5.0526621320E-07     7.1557717338E-04
    5.0648372215E-07     1.3292024884E-02
    5.0770123110E-07    -1.6650072275E-03
    5.0891874004E-07    -1.3010657468E-02
    5.1013624899E-07     2.5804608444E-03
    5.1135375794E-07     1.2669504160E-02
    5.1257126689E-07    -3.4588611497E-03
    5.1378877583E-07    -1.2272923998E-02
    5.1500628478E-07     4.2977551983E-03
    5.1622379373E-07     1.1825206996E-02
    5.1744130268E-07    -5.0951396418E-03
    5.1865881162E-07    -1.1330383737E-02
    5.1987632057E-07     5.8494887940E-03
    5.2109382952E-07     1.0792318031E-02
    5.2231133847E-07    -6.5594788969E-03
    5.2352884741E-07    -1.0214492988E-02
    5.2474635636E-07     7.2240541601E-03
    5.2596386531E-07     9.6001570868E-03
    5.2718137426E-07    -7.8421782965E-03
    5.2839888320E-07    -8.9522072893E-03
    5.2961639215E-07     8.4128430635E-03
    5.3083390110E-07     8.2732941289E-03
    5.3205141005E-07    -8.9349634014E-03
    5.3326891899E-07    -7.5658918212E-03
    5.3448642794E-07     9.4072890713E-03
    5.3570393689E-07     6.8323142715E-03
    5.3692144584E-07    -9.8284873007E-03
    5.3813895478E-07    -6.0749496443E-03
    5.3935646373E-07     1.0196997457E-02
    5.4057397268E-07     5.2962023513E-03
    5.4179148163E-07    -1.0511235199E-02
    5.4300899057E-07    -4.4987681400E-03
    5.4422649952E-07     1.0769477229E-02
    5.4544400847E-07     3.6855732276E-03
    5.4666151742E-07    -1.0970054112E-02
    5.4787902636E-07    -2.8599499661E-03
    5.4909653531E-07     1.1111352777E-02
    5.5031404426E-07     2.0256523499E-03
    5.5153155321E-07    -1.1191901936E-02
    5.5274906215E-07    -1.1868494047E-03
    5.5396657110E-07     1.1210533749E-02
    5.5518408005E-07     3.4822250006E-04
    5.5640158900E-07    -1.1166355077E-02
    5.5761909794E-07     4.8522095057E-04
    5.5883660689E-07     1.1059010063E-02
    5.6005411584E-07    -1.3080469675E-03
    5.6127162479E-07    -1.0888597374E-02
    5.6248913373E-07     2.1146646340E-03
    5.6370664268E-07     1.0655898626E-02
    5.6492415163E-07    -2.8993189147E-03
    5.6614166058E-07    -1.0362326193E-02
    5.6735916952E-07     3.6563042542E-03
    5.6857667847E-07     1.0009997182E-02
    5.6979418742E-07    -4.3800975750E-03
    5.7101169636E-07    -9.6017719510E-03
    5.7222920531E-07     5.0654295625E-03
    5.7344671426E-07     9.1411447425E-03
    5.7466422321E-07    -5.7075353446E-03
    5.7588173215E-07    -8.6323519765E-03
    5.7709924110E-07     6.3021066567E-03
    5.7831675005E-07     8.0801351484E-03
    5.7953425900E-07    -6.8455631904E-03
    5.8075176794E-07    -7.4898151604E-03
    5.8196927689E-07     7.3349721230E-03
    5.8318678584E-07     6.8670359267E-03
    5.8440429479E-07    -7.7682058470E-03
    5.8562180373E-07    -6.2177038927E-03
    5.8683931268E-07     8.1439104797E-03
    5.8805682163E-07     5.5478239058E-03
    5.8927433058E-07    -8.4614663069E-03
    5.9049183952E-07    -4.8632876970E-03
    5.9170934847E-07     8.7210377437E-03
    5.9292685742E-07     4.1698512471E-03
    5.9414436637E-07    -8.9233684143E-03
    5.9536187531E-07    -3.4728468458E-03
    5.9657938426E-07     9.0698759944E-03
    5.9779689321E-07     2.7772491099E-03
    5.9901440216E-07    -9.1623946467E-03
    6.0023191110E-07    -2.0874328226E-03
    6.0144942005E-07     9.2032150948E-03
    6.0266692900E-07     1.4072308170E-03
    6.0388443795E-07    -9.1948910450E-03
    6.0510194689E-07    -7.3985735186E-04
    6.0631945584E-07     9.1401415997E-03
    6.0753696479E-07     8.7899743431E-05
    6.0875447374E-07    -9.0417910002E-03
    6.0997198268E-07     5.4654832824E-04
    6.1118949163E-07     8.9025452720E-03
    6.1240700058E-07    -1.1619508412E-03
    6.1362450953E-07    -8.7250592938E-03
    6.1484201847E-07     1.7570620181E-03
    6.1605952742E-07     8.5116914032E-03
    6.1727703637E-07    -2.3309891984E-03
    6.1849454532E-07    -8.2646127463E-03
    6.1971205426E-07     2.8829417409E-03
    6.2092956321E-07     7.9856593058E-03
    6.2214707216E-07    -3.4122161288E-03
    6.2336458111E-07    -7.6763806559E-03
    6.2458209005E-07     3.9180780781E-03
    6.2579959900E-07     7.3380686158E-03
    6.2701710795E-07    -4.3996290425E-03
    6.2823461690E-07    -6.9717137500E-03
    6.2945212584E-07     4.8558505766E-03
    6.3066963479E-07     6.5782078293E-03
    6.3188714374E-07    -5.2854004943E-03
    6.3310465269E-07    -6.1582637456E-03
    6.3432216163E-07     5.6867650744E-03
    6.3553967058E-07     5.7126925764E-03
    6.3675717953E-07    -6.0581042242E-03
    6.3797468848E-07    -5.2423707908E-03
    6.3919219742E-07     6.3974070886E-03
    6.4040970637E-07     4.7484422093E-03
    6.4162721532E-07    -6.7024848074E-03
    6.4284472427E-07    -4.2323866534E-03
    6.4406223321E-07     6.9710308624E-03
    6.4527974216E-07     3.6960533951E-03
    6.4649725111E-07    -7.2007787195E-03
    6.4771476006E-07    -3.1418264318E-03
    6.4893226900E-07     7.3894541417E-03
    6.5014977795E-07     2.5725027517E-03
    6.5136728690E-07    -7.5350349856E-03
    6.5258479585E-07    -1.9914709572E-03
    6.5380230479E-07     7.6356761251E-03
    6.5501981374E-07     1.4025219188E-03
    6.5623732269E-07    -7.6899560461E-03
    6.5745483164E-07    -8.0991525798E-04
    6.5867234058E-07     7.6968727935E-03
    6.5988984953E-07     2.1822163945E-04
    6.6110735848E-07    -7.6559574732E-03
    6.6232486743E-07     3.6779754528E-04
    6.6354237637E-07     7.5673759151E-03
    6.6475988532E-07    -9.4324805131E-04
    6.6597739427E-07    -7.4318634077E-03
    6.6719490322E-07     1.5033698537E-03
    6.6841241216E-07     7.2508922515E-03
    6.6962992111E-07    -2.0435035103E-03
    6.7084743006E-07    -7.0264914362E-03
    6.7206493901E-07     2.5593855627E-03
    6.7328244795E-07     6.7613819783E-03
    6.7449995690E-07    -3.0471072143E-03
    6.7571746585E-07    -6.4587947637E-03
    6.7693497480E-07     3.5033099831E-03
    6.7815248374E-07     6.1224640445E-03
    6.7936999269E-07    -3.9252226395E-03
    6.8058750164E-07    -5.7565230715E-03
    6.8180501059E-07     4.3106762850E-03
    6.8302251953E-07     5.3653101124E-03
    6.8424002848E-07    -4.6582256802E-03
    6.8545753743E-07    -4.9533572225E-03
    6.8667504637E-07     4.9669911065E-03
    6.8789255532E-07     4.5250840822E-03
    6.8911006427E-07    -5.2367949064E-03
    6.9032757322E-07    -4.0848367472E-03
    6.9154508216E-07     5.4679373535E-03
    6.9276259111E-07     3.6366152800E-03
    6.9398010006E-07    -5.6612565669E-03
    6.9519760901E-07    -3.1840812820E-03
    6.9641511795E-07     5.8179699518E-03
    6.9763262690E-07     2.7304403884E-03
    6.9885013585E-07    -5.9395908686E-03
    7.0006764480E-07    -2.2783625797E-03
    7.0128515374E-07     6.0278968576E-03
    7.0250266269E-07     1.8300563906E-03
    7.0372017164E-07    -6.0847041686E-03
    7.0493768059E-07    -1.3871321915E-03
    7.0615518953E-07     6.1119273235E-03
    7.0737269848E-07     9.5081689852E-04
    7.0859020743E-07    -6.1113076590E-03
    7.0980771638E-07    -5.2185884189E-04
    7.1102522532E-07     6.0844836278E-03
    7.1224273427E-07     1.0075924721E-04
    7.1346024322E-07    -6.0328139832E-03
    7.1467775217E-07     3.1219982002E-04
    7.1589526111E-07     5.9573803286E-03
    7.1711277006E-07    -7.1683310547E-04
    7.1833027901E-07    -5.8589896774E-03
    7.1954778796E-07     1.1128878113E-03
    7.2076529690E-07     5.7380819659E-03
    7.2198280585E-07    -1.5000703335E-03
    7.2320031480E-07    -5.5948933256E-03
    7.2441782375E-07     1.8778054915E-03
    7.2563533269E-07     5.4293257868E-03
    7.2685284164E-07    -2.2453457143E-03
    7.2807035059E-07    -5.2411801451E-03
    7.2928785954E-07     2.6015676910E-03
    7.3050536848E-07     5.0301029790E-03
    7.3172287743E-07    -2.9450643692E-03
    7.3294038638E-07    -4.7957753072E-03
    7.3415789533E-07     3.2740971125E-03
    7.3537540427E-07     4.5380091216E-03
    7.3659291322E-07    -3.5866068324E-03
    7.3781042217E-07    -4.2568050581E-03
    7.3902793112E-07     3.8803554293E-03
    7.4024544006E-07     3.9525704205E-03
    7.4146294901E-07    -4.1528565299E-03
    7.4268045796E-07    -3.6260433219E-03
    7.4389796691E-07     4.4016274837E-03
    7.4511547585E-07     3.2785266809E-03
    7.4633298480E-07    -4.6241063147E-03
    7.4755049375E-07    -2.9117643432E-03
    7.4876800270E-07     4.8178843229E-03
    7.4998551164E-07     2.5280694173E-03
    7.5120302059E-07    -4.9807103856E-03
    7.5242052954E-07    -2.1302493983E-03
    7.5363803849E-07     5.1106078830E-03
    7.5485554743E-07     1.7215429673E-03
    7.5607305638E-07    -5.2060168996E-03
    7.5729056533E-07    -1.3056237909E-03
    7.5850807428E-07     5.2657647974E-03
    7.5972558322E-07     8.8635739223E-04
    7.6094309217E-07    -5.2892901573E-03
    7.6216060112E-07    -4.6784582644E-04
    7.6337811007E-07     5.2765146643E-03
    7.6459561901E-07     5.4124067613E-05
    7.6581312796E-07    -5.2280259358E-03
    7.6703063691E-07     3.5082469794E-04
    7.6824814586E-07     5.1449529580E-03
    7.6946565480E-07    -7.4328173389E-04
    7.7068316375E-07    -5.0290032017E-03
    7.7190067270E-07     1.1198702932E-03
    7.7311818165E-07     4.8824266777E-03
    7.7433569059E-07    -1.4775987589E-03
    7.7555319954E-07    -4.7078706327E-03
    7.7677070849E-07     1.8140391371E-03
    7.7798821744E-07     4.5084247255E-03
    7.7920572638E-07    -2.1272209449E-03
    7.8042323533E-07    -4.2873436667E-03
    7.8164074428E-07     2.4158279924E-03
    7.8285825323E-07     4.0480941456E-03
    7.8407576217E-07    -2.6790310500E-03
    7.8529327112E-07    -3.7940749756E-03
    7.8651078007E-07     2.9165823786E-03
    7.8772828902E-07     3.5285866812E-03
    7.8894579796E-07    -3.1286951286E-03
    7.9016330691E-07    -3.2546854123E-03
    7.9138081586E-07     3.3159684990E-03
    7.9259832481E-07     2.9750496915E-03
    7.9381583375E-07    -3.4793815476E-03
    7.9503334270E-07    -2.6920156530E-03
    7.9625085165E-07     3.6200770289E-03
    7.9746836059E-07     2.4073806907E-03
    7.9868586954E-07    -3.7394389359E-03
    7.9990337849E-07    -2.1225584790E-03
    8.0112088744E-07     3.8388283318E-03
    8.0233839638E-07     1.8384240732E-03
    8.0355590533E-07    -3.9196414028E-03
    8.0477341428E-07    -1.5554825603E-03
    8.0599092323E-07     3.9831182086E-03
    8.0720843217E-07     1.2738661114E-03
    8.0842594112E-07    -4.0302995730E-03
    8.0964345007E-07    -9.9342717512E-04
    8.1086095902E-07     4.0619983093E-03
    8.1207846796E-07     7.1391564744E-04
    8.1329597691E-07    -4.0786567568E-03
    8.1451348586E-07    -4.3496361577E-04
    8.1573099481E-07     4.0804776387E-03
    8.1694850375E-07     1.5635647937E-04
    8.1816601270E-07    -4.0672549625E-03
    8.1938352165E-07     1.2204606336E-04
    8.2060103060E-07     4.0385640931E-03
    8.2181853954E-07    -4.0007839228E-04
    8.2303604849E-07    -3.9936719958E-03
    8.2425355744E-07     6.7731340351E-04
    8.2547106639E-07     3.9316749275E-03
    8.2668857533E-07    -9.5297735221E-04
    8.2790608428E-07    -3.8515736923E-03
    8.2912359323E-07     1.2258972641E-03
    8.3034110218E-07     3.7523077549E-03
    8.3155861112E-07    -1.4945978891E-03
    8.3277612007E-07    -3.6329900093E-03
    8.3399362902E-07     1.7571810706E-03
    8.3521113797E-07     3.4928575127E-03
    8.3642864691E-07    -2.0115481830E-03
    8.3764615586E-07    -3.3315502874E-03
    8.3886366481E-07     2.2553021703E-03
    8.4008117376E-07     3.1490435929E-03
    8.4129868270E-07    -2.4859653899E-03
    8.4251619165E-07    -2.9458226322E-03
    8.4373370060E-07     2.7009874001E-03
    8.4495120955E-07     2.7228749538E-03
    8.4616871849E-07    -2.8978461254E-03
    8.4738622744E-07    -2.4816786744E-03
    8.4860373639E-07     3.0741977358E-03
    8.4982124534E-07     2.2242810424E-03
    8.5103875428E-07    -3.2278457289E-03
    8.5225626323E-07    -1.9531139505E-03
    8.5347377218E-07     3.3569893308E-03
    8.5469128113E-07     1.6710966515E-03
    8.5590879007E-07    -3.4601312969E-03
    8.5712629902E-07    -1.3813719734E-03
    8.5834380797E-07     3.5363046565E-03
    8.5956131692E-07     1.0873297640E-03
    8.6077882586E-07    -3.5850084325E-03
    8.6199633481E-07    -7.9239571186E-04
    8.6321384376E-07     3.6062854610E-03
    8.6443135271E-07     4.9992136177E-04
    8.6564886165E-07    -3.6007440939E-03
    8.6686637060E-07    -2.1312207736E-04
    8.6808387955E-07     3.5694499065E-03
    8.6930138850E-07    -6.5141383987E-05
    8.7051889744E-07    -3.5140253747E-03
    8.7173640639E-07     3.3228739830E-04
    8.7295391534E-07     3.4364196722E-03
    8.7417142429E-07    -5.8625161161E-04
    8.7538893323E-07    -3.3390003850E-03
    8.7660644218E-07     8.2537199437E-04
    8.7782395113E-07     3.2243148213E-03
    8.7904146008E-07    -1.0485300546E-03
    8.8025896902E-07    -3.0950663674E-03
    8.8147647797E-07     1.2550933755E-03
    8.8269398692E-07     2.9539707111E-03
    8.8391149587E-07    -1.4448743043E-03
    8.8512900481E-07    -2.8035839647E-03
    8.8634651376E-07     1.6181629648E-03
    8.8756402271E-07     2.6463050088E-03
    8.8878153166E-07    -1.7755214609E-03
    8.8999904060E-07    -2.4841277205E-03
    8.9121654955E-07     1.9178738336E-03
    8.9243405850E-07     2.3187480648E-03
    8.9365156745E-07    -2.0462508665E-03
    8.9486907639E-07    -2.1513622426E-03
    8.9608658534E-07     2.1618500942E-03
    8.9730409429E-07     1.9827742628E-03
    8.9852160324E-07    -2.2658583172E-03
    8.9973911218E-07    -1.8133460607E-03
    9.0095662113E-07     2.3593948947E-03
    9.0217413008E-07     1.6430253153E-03
    9.0339163903E-07    -2.4434757965E-03
    9.0460914797E-07    -1.4714877616E-03
    9.0582665692E-07     2.5188302000E-03
    9.0704416587E-07     1.2980900855E-03
    9.0826167482E-07    -2.5859938324E-03
    9.0947918376E-07    -1.1221422074E-03
    9.1069669271E-07     2.6450938565E-03
    9.1191420166E-07     9.4284711590E-04
    9.1313171060E-07    -2.6959934825E-03
    9.1434921955E-07    -7.5955716259E-04
    9.1556672850E-07     2.7381710629E-03
    9.1678423745E-07     5.7177329506E-04
    9.1800174639E-07    -2.7708119613E-03
    9.1921925534E-07    -3.7925614645E-04
    9.2043676429E-07     2.7928573085E-03
    9.2165427324E-07     1.8212630047E-04
    9.2287178218E-07    -2.8029906528E-03
    9.2408929113E-07     1.9199499893E-05
    9.2530680008E-07     2.7998461630E-03
    9.2652430903E-07    -2.2383418333E-04
    9.2774181797E-07    -2.7819352940E-03
    9.2895932692E-07     4.3059220304E-04
    9.3017683587E-07     2.7479249844E-03
    9.3139434482E-07    -6.3784634245E-04
    9.3261185376E-07    -2.6965981925E-03
    9.3382936271E-07     8.4370171923E-04
    9.3504687166E-07     2.6270619471E-03
    9.3626438061E-07    -1.0459905887E-03
    9.3748188955E-07    -2.5388024030E-03
    9.3869939850E-07     1.2423533516E-03
    9.3991690745E-07     2.4317190630E-03
    9.4113441640E-07    -1.4303962005E-03
    9.4235192534E-07    -2.3062683215E-03
    9.4356943429E-07     1.6076529471E-03
    9.4478694324E-07     2.1633294152E-03
    9.4600445219E-07    -1.7718369304E-03
    9.4722196113E-07    -2.0043666120E-03
    9.4843947008E-07     1.9207521275E-03
    9.4965697903E-07     1.8312273994E-03
    9.5087448798E-07    -2.0525275485E-03
    9.5209199692E-07    -1.6462143515E-03
    9.5330950587E-07     2.1655881930E-03
    9.5452701482E-07     1.4519249904E-03
    9.5574452377E-07    -2.2587640588E-03
    9.5696203271E-07    -1.2511522874E-03
    9.5817954166E-07     2.3313721622E-03
    9.5939705061E-07     1.0468306805E-03
    9.6061455956E-07    -2.3831508471E-03
    9.6183206850E-07    -8.4178931233E-04
    9.6304957745E-07     2.4144133603E-03
    9.6426708640E-07     6.3879909340E-04
    9.6548459535E-07    -2.4258587361E-03
    9.6670210429E-07    -4.4029855111E-04
    9.6791961324E-07     2.4187013809E-03
    9.6913712219E-07     2.4846836943E-04
    9.7035463114E-07    -2.3944796182E-03
    9.7157214008E-07    -6.5061310908E-05
    9.7278964903E-07     2.3550639214E-03
    9.7400715798E-07    -1.0859180345E-04
    9.7522466693E-07    -2.3025586018E-03
    9.7644217587E-07     2.7157773651E-04
    9.7765968482E-07     2.2391401068E-03
    9.7887719377E-07    -4.2349252215E-04
    9.8009470272E-07    -2.1670660029E-03
    9.8131221166E-07     5.6427440317E-04
    9.8252972061E-07     2.0883996908E-03
    9.8374722956E-07    -6.9432963032E-04
    9.8496473851E-07    -2.0050769132E-03
    9.8618224745E-07     8.1429879834E-04
    9.8739975640E-07     1.9186579429E-03
    9.8861726535E-07    -9.2511776986E-04
    9.8983477430E-07    -1.8303753978E-03
    9.9105228324E-07     1.0278496726E-03
    9.9226979219E-07     1.7410441499E-03
    9.9348730114E-07    -1.1236177994E-03
    9.9470481009E-07    -1.6510293782E-03
    9.9592231903E-07     1.2135807179E-03
    9.9713982798E-07     1.5603474106E-03
    9.9835733693E-07    -1.2987383959E-03
    9.9957484588E-07    -1.4685616075E-03
    1.0007923548E-06     1.3800176434E-03
    1.0020098638E-06     1.3750127668E-03
    1.0032273727E-06    -1.4580304296E-03
    1.0044448817E-06    -1.2787306649E-03
    1.0056623906E-06     1.5331755904E-03
    1.0068798996E-06     1.1786749657E-03
    1.0080974085E-06    -1.6054790112E-03
    1.0093149175E-06    -1.0737558161E-03
    1.0105324264E-06     1.6746290379E-03
    1.0117499354E-06     9.6296478736E-04
    1.0129674443E-06    -1.7399944023E-03
    1.0141849532E-06    -8.4552472485E-04
    1.0154024622E-06     1.8005663682E-03
    1.0166199711E-06     7.2085832524E-04
    1.0178374801E-06    -1.8551412167E-03
    1.0190549890E-06    -5.8880571308E-04
    1.0202724980E-06     1.9022114643E-03
    1.0214900069E-06     4.4949075617E-04
    1.0227075159E-06    -1.9402113466E-03
    1.0239250248E-06    -3.0350299655E-04
    1.0251425338E-06     1.9674596115E-03
    1.0263600427E-06     1.5177721593E-04
    1.0275775517E-06    -1.9823511920E-03
    1.0287950606E-06     4.3643379019E-06
    1.0300125696E-06     1.9834360631E-03
    1.0312300785E-06    -1.6324163742E-04
    1.0324475875E-06    -1.9694783377E-03
    1.0336650964E-06     3.2295561442E-04
    1.0348826054E-06     1.9396593465E-03
    1.0361001143E-06    -4.8132995143E-04
    1.0373176232E-06    -1.8934966552E-03
    1.0385351322E-06     6.3616517700E-04
    1.0397526411E-06     1.8310646995E-03
    1.0409701501E-06    -7.8515544320E-04
    1.0421876590E-06    -1.7528505327E-03
    1.0434051680E-06     9.2612200452E-04
    1.0446226769E-06     1.6598712136E-03
    1.0458401859E-06    -1.0569969241E-03
    1.0470576948E-06    -1.5535755786E-03
    1.0482752038E-06     1.1759304422E-03
    1.0494927127E-06     1.4357842321E-03
    1.0507102217E-06    -1.2814019114E-03
    1.0519277306E-06    -1.3086873361E-03
    1.0531452396E-06     1.3721777624E-03
    1.0543627485E-06     1.1746175900E-03
    1.0555802575E-06    -1.4475152111E-03
    1.0567977664E-06    -1.0361061118E-03
    1.0580152754E-06     1.5070230713E-03
    1.0592327843E-06     8.9559240789E-04
    1.0604502932E-06    -1.5508379238E-03
    1.0616678022E-06    -7.5546083483E-04
    1.0628853111E-06     1.5794825649E-03
    1.0641028201E-06     6.1783887176E-04
    1.0653203290E-06    -1.5939017088E-03
    1.0665378380E-06    -4.8455318432E-04
    1.0677553469E-06     1.5954084226E-03
    1.0689728559E-06     3.5710683017E-04
    1.0701903648E-06    -1.5855462365E-03
    1.0714078738E-06    -2.3654150594E-04
    1.0726253827E-06     1.5661361656E-03
    1.0738428917E-06     1.2357030163E-04
    1.0750604006E-06    -1.5390197600E-03
    1.0762779096E-06    -1.8407034607E-05
    1.0774954185E-06     1.5061308745E-03
    1.0787129275E-06    -7.9046247432E-05
    1.0799304364E-06    -1.4692368118E-03
    1.0811479454E-06     1.6929025233E-04
    1.0823654543E-06     1.4299411194E-03
    1.0835829633E-06    -2.5309306470E-04
    1.0848004722E-06    -1.3895528402E-03
    1.0860179811E-06     3.3142098099E-04
    1.0872354901E-06     1.3489889610E-03
    1.0884529990E-06    -4.0542134052E-04
    1.0896705080E-06    -1.3088311050E-03
    1.0908880169E-06     4.7621501832E-04
    1.0921055259E-06     1.2691665140E-03
    1.0933230348E-06    -5.4498020546E-04
    1.0945405438E-06    -1.2297741677E-03
    1.0957580527E-06     6.1270563837E-04
    1.0969755617E-06     1.1899943500E-03
    1.0981930706E-06    -6.8027852797E-04
