    1.6679872580E-09     0.0000000000E+00
    3.3359745161E-09     0.0000000000E+00
    5.0039617741E-09     3.7277712798E-10
    6.6719490322E-09     2.2715698223E-07
    8.3399362902E-09     1.3522346772E-05
    1.0007923548E-08     4.8340481865E-05
    1.1675910806E-08    -1.4237788385E-04
    1.3343898064E-08     1.8260423731E-04
    1.5011885322E-08    -2.2671261493E-04
    1.6679872580E-08     2.7095150269E-04
    1.8347859838E-08    -3.1535799291E-04
    2.0015847096E-08     3.5994784044E-04
    2.1683834354E-08    -4.0473923652E-04
    2.3351821613E-08     4.4975029459E-04
    2.5019808871E-08    -4.9499924515E-04
    2.6687796129E-08     5.4050444369E-04
    2.8355783387E-08    -5.8628437999E-04
    3.0023770645E-08     6.3235768739E-04
    3.1691757903E-08    -6.7874315227E-04
    3.3359745161E-08     7.2545972348E-04
    3.5027732419E-08    -7.7252652201E-04
    3.6695719677E-08     8.1996285062E-04
    3.8363706935E-08    -8.6778820365E-04
    4.0031694193E-08     9.1602227694E-04
    4.1699681451E-08    -9.6468497785E-04
    4.3367668709E-08     1.0137964354E-03
    4.5035655967E-08    -1.0633770105E-03
    4.6703643225E-08     1.1134473063E-03
    4.8371630483E-08    -1.1640281790E-03
    5.0039617741E-08     1.2151407481E-03
    5.1707604999E-08    -1.2668064077E-03
    5.3375592257E-08     1.3190468370E-03
    5.5043579515E-08    -1.3718840118E-03
    5.6711566773E-08     1.4253404033E-03
    5.8379554031E-08    -1.4793239510E-03
    6.0047541289E-08     1.5408882884E-03
    6.1715528547E-08    -1.5722153323E-03
    6.3383515805E-08     1.5497180524E-03
    6.5051503063E-08    -1.5378524899E-03
    6.6719490322E-08     1.5510085821E-03
    6.8387477580E-08    -1.5623818775E-03
    7.0055464838E-08     1.5738369604E-03
    7.1723452096E-08    -1.5853666417E-03
    7.3391439354E-08     1.5969731895E-03
    7.5059426612E-08    -1.6086577624E-03
    7.6727413870E-08     1.6204215733E-03
    7.8395401128E-08    -1.6322657996E-03
    8.0063388386E-08     1.6441915857E-03
    8.1731375644E-08    -1.6562000445E-03
    8.3399362902E-08     1.6682922585E-03
    8.5067350160E-08    -1.6804692811E-03
    8.6735337418E-08     1.6927321377E-03
    8.8403324676E-08    -1.7050818273E-03
    9.0071311934E-08     1.7175193235E-03
    9.1739299192E-08    -1.7300455760E-03
    9.3407286450E-08     1.7426615115E-03
    9.5075273708E-08    -1.7553680352E-03
    9.6743260966E-08     1.7681660322E-03
    9.8411248224E-08    -1.7810563685E-03
    1.0007923548E-07     1.7940398927E-03
    1.0174722274E-07    -1.8071174368E-03
    1.0341521000E-07     1.8202898180E-03
    1.0508319726E-07    -1.8335578397E-03
    1.0675118451E-07     1.8469222931E-03
    1.0841917177E-07    -1.8603839587E-03
    1.1008715903E-07     1.8739436072E-03
    1.1175514629E-07    -1.8876020016E-03
    1.1342313355E-07     1.9013598982E-03
    1.1509112080E-07    -1.9152180481E-03
    1.1675910806E-07     1.9291771993E-03
    1.1842709532E-07    -1.9432380976E-03
    1.2009508258E-07     1.9574014886E-03
    1.2176306984E-07    -1.9716681190E-03
    1.2343105709E-07     1.9860387390E-03
    1.2509904435E-07    -2.0005141031E-03
    1.2676703161E-07     2.0150949725E-03
    1.2843501887E-07    -2.0297821151E-03
    1.3010300613E-07     2.0445763051E-03
    1.3177099339E-07    -2.0594783229E-03
    1.3343898064E-07     2.0744889546E-03
    1.3510696790E-07    -2.0896089917E-03
    1.3677495516E-07     2.1048392320E-03
    1.3844294242E-07    -2.1201804785E-03
    1.4011092968E-07     2.1356335404E-03
    1.4177891693E-07    -2.1511992328E-03
    1.4344690419E-07     2.1668783765E-03
    1.4511489145E-07    -2.1826717986E-03
    1.4678287871E-07     2.1985803318E-03
    1.4845086597E-07    -2.2146048154E-03
    1.5011885322E-07     2.2307460943E-03
    1.5178684048E-07    -2.2470050198E-03
    1.5345482774E-07     2.2633824495E-03
    1.5512281500E-07    -2.2798792471E-03
    1.5679080226E-07     2.2964962825E-03
