    8.3391023800E-10     0.0000000000E+00
    1.6678204760E-09     0.0000000000E+00
    2.5017307140E-09    -2.3291582325E-07
    3.3356409520E-09    -8.1339941106E-06
    4.1695511900E-09    -1.5821096663E-04
    5.0034614280E-09    -1.7918841587E-03
    5.8373716660E-09    -1.2051016158E-02
    6.6712819040E-09    -4.9321089748E-02
    7.5051921420E-09    -1.2570575573E-01
    8.3391023800E-09    -1.9871419688E-01
    9.1730126179E-09    -1.6952770586E-01
    1.0006922856E-08     1.4765484046E-02
    1.0840833094E-08     2.6086518234E-01
    1.1674743332E-08     3.7503858663E-01
    1.2508653570E-08     2.3771482788E-01
    1.3342563808E-08    -6.4170518113E-02
    1.4176474046E-08    -2.9144460440E-01
    1.5010384284E-08    -2.5844921488E-01
    1.5844294522E-08    -2.2041513089E-03
    1.6678204760E-08     2.4675837348E-01
    1.7512114998E-08     2.7007414515E-01
    1.8346025236E-08     5.5885978836E-02
    1.9179935474E-08    -1.9616940344E-01
    2.0013845712E-08    -2.6109609988E-01
    2.0847755950E-08    -9.1652577003E-02
    2.1681666188E-08     1.4711221768E-01
    2.2515576426E-08     2.3723607167E-01
    2.3349486664E-08     1.0777580259E-01
    2.4183396902E-08    -1.0915215454E-01
    2.5017307140E-08    -2.1056333368E-01
    2.5851217378E-08    -1.1231155222E-01
    2.6685127616E-08     8.0944152977E-02
    2.7519037854E-08     1.8335604770E-01
    2.8352948092E-08     1.0394548048E-01
    2.9186858330E-08    -7.5355831006E-02
    3.0020768568E-08    -1.8600156779E-01
    3.0854678806E-08    -1.3346880617E-01
    3.1688589044E-08     2.1550280580E-02
    3.2522499282E-08     1.3176938630E-01
    3.3356409520E-08     1.0751691012E-01
    3.4190319758E-08    -4.3060192896E-03
    3.5024229996E-08    -7.7273093906E-02
    3.5858140234E-08    -3.5721430876E-02
    3.6692050472E-08     7.1582070447E-02
    3.7525960710E-08     1.2401840385E-01
    3.8359870948E-08     5.2790851434E-02
    3.9193781186E-08    -8.6983020909E-02
    4.0027691424E-08    -1.6604199522E-01
    4.0861601662E-08    -1.0426162066E-01
    4.1695511900E-08     5.0883768158E-02
    4.2529422138E-08     1.6522293631E-01
    4.3363332376E-08     1.3954500385E-01
    4.4197242614E-08    -1.0375229860E-03
    4.5031152852E-08    -1.3077081969E-01
    4.5865063090E-08    -1.3552793594E-01
    4.6698973328E-08    -1.0708702717E-02
    4.7532883566E-08     1.3994927020E-01
    4.8366793804E-08     1.9676343067E-01
    4.9200704042E-08     1.2125536493E-01
    5.0034614280E-08    -2.3891090188E-02
    5.0868524518E-08    -1.3828943048E-01
    5.1702434756E-08    -1.6499824138E-01
    5.2536344994E-08    -1.1917604196E-01
    5.3370255232E-08    -5.2286520854E-02
    5.4204165470E-08     8.8384662141E-04
    5.5038075708E-08     3.9786747088E-02
    5.5871985946E-08     7.3308167035E-02
    5.6705896184E-08     9.0795624620E-02
    5.7539806422E-08     6.6505363352E-02
    5.8373716660E-08    -6.3008892453E-03
    5.9207626898E-08    -9.1343072287E-02
    6.0041537136E-08    -1.2757983622E-01
    6.0875447374E-08    -7.8895928858E-02
    6.1709357612E-08     2.9901544669E-02
    6.2543267850E-08     1.2652224392E-01
    6.3377178088E-08     1.4547929360E-01
    6.4211088326E-08     7.7747789650E-02
    6.5044998564E-08    -2.5102713446E-02
    6.5878908802E-08    -9.3163118926E-02
    6.6712819040E-08    -8.9890447102E-02
    6.7546729278E-08    -3.2956909092E-02
    6.8380639516E-08     2.6628742657E-02
    6.9214549754E-08     4.5104235794E-02
    7.0048459992E-08     1.4640818813E-02
    7.0882370230E-08    -3.6119480071E-02
    7.1716280468E-08    -6.4340832491E-02
    7.2550190706E-08    -4.1788024238E-02
    7.3384100944E-08     2.5208276090E-02
    7.4218011182E-08     9.4938921179E-02
    7.5051921420E-08     1.1277247904E-01
    7.5885831658E-08     4.9512218620E-02
    7.6719741896E-08    -6.7464271008E-02
    7.7553652134E-08    -1.5931425582E-01
    7.8387562372E-08    -1.4672400586E-01
    7.9221472610E-08    -1.7295557052E-02
    8.0055382848E-08     1.4672706759E-01
    8.0889293086E-08     2.1729082045E-01
    8.1723203324E-08     1.2136121773E-01
    8.2557113562E-08    -8.5792811875E-02
    8.3391023800E-08    -2.4684900705E-01
    8.4224934038E-08    -2.2283602579E-01
    8.5058844276E-08    -1.5048339238E-02
    8.5892754514E-08     2.2013486713E-01
    8.6726664752E-08     2.9017061790E-01
    8.7560574990E-08     1.2829016845E-01
    8.8394485228E-08    -1.4058936324E-01
    8.9228395466E-08    -2.9594337740E-01
    9.0062305704E-08    -2.0630688346E-01
    9.0896215941E-08     5.4806204065E-02
    9.1730126179E-08     2.6692793752E-01
    9.2564036417E-08     2.5017952855E-01
    9.3397946655E-08     2.1113048149E-02
    9.4231856893E-08    -2.2107985213E-01
    9.5065767131E-08    -2.6826640608E-01
    9.5899677369E-08    -8.4842292966E-02
    9.6733587607E-08     1.6354006612E-01
    9.7567497845E-08     2.5891204922E-01
    9.8401408083E-08     1.2383348010E-01
    9.9235318321E-08    -1.1404049714E-01
    1.0006922856E-07    -2.4103738106E-01
    1.0090313880E-07    -1.4985710540E-01
    1.0173704904E-07     6.8917765944E-02
    1.0257095927E-07     2.1550585979E-01
    1.0340486951E-07     1.6423898904E-01
    1.0423877975E-07    -2.7284942962E-02
    1.0507268999E-07    -1.7922740303E-01
    1.0590660023E-07    -1.5838805720E-01
    1.0674051046E-07     3.6132498819E-03
    1.0757442070E-07     1.4868621839E-01
    1.0840833094E-07     1.4460376035E-01
    1.0924224118E-07     5.3044625798E-03
    1.1007615142E-07    -1.3073866365E-01
    1.1091006165E-07    -1.3686153805E-01
    1.1174397189E-07    -1.5936732134E-02
    1.1257788213E-07     1.1026891751E-01
    1.1341179237E-07     1.2355546008E-01
    1.1424570261E-07     2.1489782759E-02
    1.1507961284E-07    -8.7597545274E-02
    1.1591352308E-07    -9.6503353667E-02
    1.1674743332E-07    -4.4300731651E-03
    1.1758134356E-07     8.7405128992E-02
    1.1841525380E-07     8.1896371488E-02
    1.1924916403E-07    -1.4651950215E-02
    1.2008307427E-07    -9.9945322771E-02
    1.2091698451E-07    -8.1632965148E-02
    1.2175089475E-07     2.5883119227E-02
    1.2258480499E-07     1.1293827829E-01
    1.2341871522E-07     8.5069405075E-02
    1.2425262546E-07    -3.7732996138E-02
    1.2508653570E-07    -1.3499509090E-01
    1.2592044594E-07    -1.0357106528E-01
    1.2675435618E-07     3.5617393329E-02
    1.2758826641E-07     1.5056287000E-01
    1.2842217665E-07     1.2403937635E-01
    1.2925608689E-07    -2.7847528636E-02
    1.3008999713E-07    -1.6305858018E-01
    1.3092390737E-07    -1.4629208774E-01
    1.3175781760E-07     1.7465391187E-02
    1.3259172784E-07     1.7948650996E-01
    1.3342563808E-07     1.8354973602E-01
    1.3425954832E-07     1.6004354506E-02
    1.3509345856E-07    -1.7456703549E-01
    1.3592736879E-07    -2.1191689270E-01
    1.3676127903E-07    -5.7598048219E-02
    1.3759518927E-07     1.4916392750E-01
    1.3842909951E-07     2.1815642165E-01
    1.3926300975E-07     8.5223750512E-02
    1.4009691998E-07    -1.2636459527E-01
    1.4093083022E-07    -2.1953523766E-01
    1.4176474046E-07    -1.0706318846E-01
    1.4259865070E-07     1.0661709543E-01
    1.4343256094E-07     2.2267267877E-01
    1.4426647117E-07     1.3348700185E-01
    1.4510038141E-07    -7.7243262728E-02
    1.4593429165E-07    -2.1352998650E-01
    1.4676820189E-07    -1.5060046115E-01
    1.4760211213E-07     4.9475307675E-02
    1.4843602236E-07     1.9782425489E-01
    1.4926993260E-07     1.5677410170E-01
    1.5010384284E-07    -3.2079341828E-02
    1.5093775308E-07    -1.8926255379E-01
    1.5177166332E-07    -1.6755122561E-01
    1.5260557355E-07     1.0318824180E-02
    1.5343948379E-07     1.7524496446E-01
    1.5427339403E-07     1.7250435395E-01
    1.5510730427E-07     6.9486379229E-03
    1.5594121451E-07    -1.6352454738E-01
    1.5677512474E-07    -1.7810879008E-01
    1.5760903498E-07    -2.3978434484E-02
    1.5844294522E-07     1.5361923299E-01
    1.5927685546E-07     1.8943590771E-01
    1.6011076570E-07     5.2788655056E-02
    1.6094467593E-07    -1.2632452613E-01
    1.6177858617E-07    -1.8164842921E-01
    1.6261249641E-07    -6.6371783380E-02
    1.6344640665E-07     1.0609024256E-01
    1.6428031689E-07     1.7188860359E-01
    1.6511422712E-07     7.1126728077E-02
    1.6594813736E-07    -9.8493124957E-02
    1.6678204760E-07    -1.7653597007E-01
    1.6761595784E-07    -9.1016162242E-02
    1.6844986808E-07     7.6609709293E-02
    1.6928377831E-07     1.7094529272E-01
    1.7011768855E-07     1.0855952200E-01
    1.7095159879E-07    -4.7385172666E-02
    1.7178550903E-07    -1.5075472483E-01
    1.7261941927E-07    -1.1037124974E-01
    1.7345332950E-07     2.8529820116E-02
    1.7428723974E-07     1.3256130941E-01
    1.7512114998E-07     1.0775002923E-01
    1.7595506022E-07    -1.5684609411E-02
    1.7678897046E-07    -1.1809778885E-01
    1.7762288069E-07    -1.0639193231E-01
    1.7845679093E-07     1.1376523266E-03
    1.7929070117E-07     9.8643470849E-02
    1.8012461141E-07     9.6898545570E-02
    1.8095852164E-07     5.4852493384E-03
    1.8179243188E-07    -8.3007360681E-02
    1.8262634212E-07    -8.5954771571E-02
    1.8346025236E-07    -8.0225074276E-03
    1.8429416260E-07     6.9789795112E-02
    1.8512807283E-07     7.3468706550E-02
    1.8596198307E-07     7.0684902881E-03
    1.8679589331E-07    -5.6667675354E-02
    1.8762980355E-07    -5.2644307074E-02
    1.8846371379E-07     1.1661419452E-02
    1.8929762402E-07     6.6504750496E-02
    1.9013153426E-07     5.2487075188E-02
    1.9096544450E-07    -1.8876755738E-02
    1.9179935474E-07    -7.7070807731E-02
    1.9263326498E-07    -6.3887376991E-02
    1.9346717521E-07     7.9779408627E-03
    1.9430108545E-07     6.7556900833E-02
    1.9513499569E-07     5.6445785061E-02
    1.9596890593E-07    -1.2979435109E-02
    1.9680281617E-07    -6.9852403392E-02
    1.9763672640E-07    -5.5324474228E-02
    1.9847063664E-07     1.8592613858E-02
    1.9930454688E-07     8.0077889733E-02
    2.0013845712E-07     6.7725501602E-02
    2.0097236736E-07    -8.9209857301E-03
    2.0180627759E-07    -7.7818599562E-02
    2.0264018783E-07    -7.3697504900E-02
    2.0347409807E-07    -8.6582849366E-04
    2.0430800831E-07     7.1120514174E-02
    2.0514191855E-07     7.4303421935E-02
    2.0597582878E-07     6.9434146435E-03
    2.0680973902E-07    -6.5862069924E-02
    2.0764364926E-07    -7.5137746097E-02
    2.0847755950E-07    -1.3456069292E-02
    2.0931146974E-07     5.9375448814E-02
    2.1014537997E-07     7.4366714471E-02
    2.1097929021E-07     1.8598811001E-02
    2.1181320045E-07    -5.4080445370E-02
    2.1264711069E-07    -7.5285934208E-02
    2.1348102093E-07    -2.6124487837E-02
    2.1431493116E-07     4.7215765990E-02
    2.1514884140E-07     7.8669081831E-02
    2.1598275164E-07     4.3333776892E-02
    2.1681666188E-07    -2.2940208451E-02
    2.1765057212E-07    -6.0751917907E-02
    2.1848448235E-07    -4.2677398198E-02
    2.1931839259E-07     5.6093942051E-03
    2.2015230283E-07     3.5128169305E-02
    2.2098621307E-07     2.1703306094E-02
    2.2182012331E-07    -1.4628635945E-02
    2.2265403354E-07    -3.4403630545E-02
    2.2348794378E-07    -1.9362098592E-02
    2.2432185402E-07     1.2201281169E-02
    2.2515576426E-07     2.7990506289E-02
    2.2598967450E-07     1.5979838712E-02
    2.2682358473E-07    -5.5331105410E-03
    2.2765749497E-07    -1.0640850014E-02
    2.2849140521E-07     4.8245313467E-03
    2.2932531545E-07     1.9336416355E-02
    2.3015922569E-07     1.1000779112E-02
    2.3099313592E-07    -1.5893120827E-02
    2.3182704616E-07    -3.2979800455E-02
    2.3266095640E-07    -1.7921030706E-02
    2.3349486664E-07     1.9078849690E-02
    2.3432877688E-07     4.2076276012E-02
    2.3516268711E-07     2.5138559144E-02
    2.3599659735E-07    -1.8927311859E-02
    2.3683050759E-07    -4.8163807230E-02
    2.3766441783E-07    -3.2462456536E-02
    2.3849832807E-07     1.4523972687E-02
    2.3933223830E-07     4.6504015887E-02
    2.4016614854E-07     3.0224644783E-02
    2.4100005878E-07    -1.9238501024E-02
    2.4183396902E-07    -5.0829009778E-02
    2.4266787926E-07    -2.8058757833E-02
    2.4350178949E-07     3.1694688231E-02
    2.4433569973E-07     7.0393199355E-02
    2.4516960997E-07     4.5307313325E-02
    2.4600352021E-07    -2.6268080368E-02
    2.4683743045E-07    -7.9640535851E-02
    2.4767134068E-07    -6.3668881808E-02
    2.4850525092E-07     8.1499905011E-03
    2.4933916116E-07     6.7950082909E-02
    2.5017307140E-07     5.7946972638E-02
    2.5100698164E-07    -1.2421482167E-02
    2.5184089187E-07    -7.3573197476E-02
    2.5267480211E-07    -6.2545352063E-02
    2.5350871235E-07     1.4441149445E-02
    2.5434262259E-07     8.5600969807E-02
    2.5517653283E-07     8.1930830612E-02
    2.5601044306E-07     4.8054462009E-03
    2.5684435330E-07    -7.3743424278E-02
    2.5767826354E-07    -7.9893330640E-02
    2.5851217378E-07    -9.7156879384E-03
    2.5934608402E-07     6.6764999792E-02
    2.6017999425E-07     7.4099704745E-02
    2.6101390449E-07     5.8217287254E-03
    2.6184781473E-07    -6.8875679481E-02
    2.6268172497E-07    -7.3777473727E-02
    2.6351563521E-07    -2.3882484832E-03
    2.6434954544E-07     7.3819238800E-02
    2.6518345568E-07     7.5520175654E-02
    2.6601736592E-07    -4.1813201845E-03
    2.6685127616E-07    -8.9486235888E-02
    2.6768518640E-07    -9.4245142992E-02
    2.6851909663E-07    -7.5792925180E-03
    2.6935300687E-07     9.1885468305E-02
    2.7018691711E-07     1.0969468885E-01
    2.7102082735E-07     2.7319735834E-02
    2.7185473759E-07    -7.7662600456E-02
    2.7268864782E-07    -1.0475192174E-01
    2.7352255806E-07    -2.7878817889E-02
    2.7435646830E-07     7.7648989888E-02
    2.7519037854E-07     1.0663499813E-01
    2.7602428878E-07     2.6454304236E-02
    2.7685819901E-07    -8.8801627499E-02
    2.7769210925E-07    -1.2752429148E-01
    2.7852601949E-07    -4.8319800499E-02
    2.7935992973E-07     7.7603767469E-02
    2.8019383997E-07     1.3227273210E-01
    2.8102775020E-07     6.3833612590E-02
    2.8186166044E-07    -6.1853122073E-02
    2.8269557068E-07    -1.2252917580E-01
    2.8352948092E-07    -5.7230880138E-02
    2.8436339116E-07     7.2381100736E-02
    2.8519730139E-07     1.3837771220E-01
    2.8603121163E-07     6.9674712942E-02
    2.8686512187E-07    -7.5435501123E-02
    2.8769903211E-07    -1.5978676614E-01
    2.8853294235E-07    -9.6939877079E-02
    2.8936685258E-07     6.2184403150E-02
    2.9020076282E-07     1.7111881853E-01
    2.9103467306E-07     1.2345609320E-01
    2.9186858330E-07    -4.3781130329E-02
    2.9270249354E-07    -1.7910630069E-01
    2.9353640377E-07    -1.5539180379E-01
    2.9437031401E-07     9.4378889017E-03
    2.9520422425E-07     1.6500866837E-01
    2.9603813449E-07     1.6667046815E-01
    2.9687204473E-07     1.2027668067E-02
    2.9770595496E-07    -1.5361904970E-01
    2.9853986520E-07    -1.7162509361E-01
    2.9937377544E-07    -2.0371909434E-02
    3.0020768568E-07     1.6065509327E-01
    3.0104159592E-07     1.9917158952E-01
    3.0187550615E-07     5.2813412174E-02
    3.0270941639E-07    -1.4730664105E-01
    3.0354332663E-07    -2.1633506037E-01
    3.0437723687E-07    -8.8889579079E-02
    3.0521114711E-07     1.1719638348E-01
    3.0604505734E-07     2.0911199315E-01
    3.0687896758E-07     1.0001269337E-01
    3.0771287782E-07    -1.0732029795E-01
    3.0854678806E-07    -2.1491207564E-01
    3.0938069830E-07    -1.1569212034E-01
    3.1021460853E-07     1.0318448962E-01
    3.1104851877E-07     2.3857907108E-01
    3.1188242901E-07     1.6010565252E-01
    3.1271633925E-07    -6.6442819698E-02
    3.1355024949E-07    -2.3718117604E-01
    3.1438415972E-07    -1.9701434912E-01
    3.1521806996E-07     1.7632358010E-02
    3.1605198020E-07     2.1226188482E-01
    3.1688589044E-07     2.1246645891E-01
    3.1771980068E-07     2.2032680289E-02
    3.1855371091E-07    -1.8354678383E-01
    3.1938762115E-07    -2.1957939474E-01
    3.2022153139E-07    -5.9471545449E-02
    3.2105544163E-07     1.4556818490E-01
    3.2188935187E-07     2.0858222864E-01
    3.2272326210E-07     7.7259899699E-02
    3.2355717234E-07    -1.2265310721E-01
    3.2439108258E-07    -2.0638088963E-01
    3.2522499282E-07    -9.8901861231E-02
    3.2605890306E-07     1.0035890926E-01
    3.2689281329E-07     2.1171675870E-01
    3.2772672353E-07     1.3840993499E-01
    3.2856063377E-07    -4.9631931346E-02
    3.2939454401E-07    -1.8338169093E-01
    3.3022845425E-07    -1.4810016908E-01
    3.3106236448E-07     1.6741333743E-02
    3.3189627472E-07     1.5762433362E-01
    3.3273018496E-07     1.4690079679E-01
    3.3356409520E-07    -4.2639580800E-03
    3.3439800544E-07    -1.5854741101E-01
    3.3523191567E-07    -1.7608791759E-01
