    1.6844986808E-09     0.0000000000E+00
    3.3689973615E-09     0.0000000000E+00
    5.0534960423E-09     3.8395744898E-08
    6.7379947230E-09     2.4649386763E-05
    8.4224934038E-09     1.4742962180E-03
    1.0106992085E-08     4.7189072326E-03
    1.1791490765E-08    -1.5501588588E-02
    1.3475989446E-08     2.2712531744E-02
    1.5160488127E-08    -3.2035903439E-02
    1.6844986808E-08     4.3687459829E-02
    1.8529485488E-08    -5.8268948743E-02
    2.0213984169E-08     7.6578393900E-02
    2.1898482850E-08    -9.9655205130E-02
    2.3582981531E-08     1.2882112054E-01
    2.5267480211E-08    -1.6576189195E-01
    2.6951978892E-08     2.1263033816E-01
    2.8636477573E-08    -2.7217873763E-01
    3.0320976254E-08     3.4792903279E-01
    3.2005474934E-08    -4.4439179353E-01
    3.3689973615E-08     5.6734807896E-01
    3.5374472296E-08    -7.2421246843E-01
    3.7058970977E-08     9.2450088132E-01
    3.8743469657E-08    -1.1804337324E+00
    4.0427968338E-08     1.5077139435E+00
    4.2112467019E-08    -1.9265309626E+00
    4.3796965700E-08     2.4628570155E+00
    4.5481464380E-08    -3.1501213651E+00
    4.7165963061E-08     4.0313737114E+00
    4.8850461742E-08    -5.1620807627E+00
    5.0534960423E-08     6.6137427116E+00
    5.2219459103E-08    -8.4785717850E+00
    5.3903957784E-08     1.0875547025E+01
    5.5588456465E-08    -1.3958252972E+01
