    1.5010384284E-09     0.0000000000E+00
    3.0020768568E-09     0.0000000000E+00
    4.5031152852E-09    -2.7167301624E-07
    6.0041537136E-09    -9.6534082447E-05
    7.5051921420E-09    -5.2672949207E-03
    9.0062305704E-09    -3.8336920123E-02
    1.0507268999E-08     1.4641931438E-02
    1.2008307427E-08     6.7113200973E-02
    1.3509345856E-08    -5.3625745091E-02
    1.5010384284E-08    -1.0941821387E-03
    1.6511422712E-08     4.6836825826E-02
    1.8012461141E-08    -4.7572841535E-02
    1.9513499569E-08     1.1229032520E-02
    2.1014537997E-08     2.7222162578E-02
    2.2515576426E-08    -3.9045655975E-02
    2.4016614854E-08     2.0282530131E-02
    2.5517653283E-08     1.0442244554E-02
    2.7018691711E-08    -2.9083033136E-02
    2.8519730139E-08     2.3981596896E-02
    3.0020768568E-08    -2.1427996221E-03
    3.1521806996E-08    -1.8457485441E-02
    3.3022845425E-08     2.3125999338E-02
    3.4523883853E-08    -1.0447762868E-02
    3.6024922281E-08    -8.3792879340E-03
    3.7525960710E-08     1.9048558237E-02
    3.9026999138E-08    -1.4728372950E-02
    4.0528037567E-08     1.2584075642E-04
    4.2029075995E-08     1.3122430838E-02
    4.3530114423E-08    -1.5529424215E-02
    4.5031152852E-08     6.3769064327E-03
    4.6532191280E-08     6.6087784728E-03
    4.8033229709E-08    -1.3624996003E-02
    4.9534268137E-08     1.0073924850E-02
    5.1035306565E-08     5.6046624338E-04
    5.2536344994E-08    -9.9271251724E-03
    5.4037383422E-08     1.1273192489E-02
    5.5538421850E-08    -4.3171492658E-03
    5.7039460279E-08    -5.8522521295E-03
    5.8540498707E-08     8.6897418587E-03
    6.0041537136E-08    -1.0187901532E-02
    6.1542575564E-08    -1.2733231667E-03
    6.3043613992E-08     1.4961891293E-02
    6.4544652421E-08     1.5085397593E-03
    6.6045690849E-08     4.4277611090E-04
    6.7546729278E-08    -1.1513102633E-02
    6.9047767706E-08    -1.1758276334E-02
    7.0548806134E-08     2.2116131662E-02
    7.2049844563E-08     4.2032695025E-03
    7.3550882991E-08    -2.3897060085E-02
    7.5051921420E-08     8.1801468196E-03
    7.6552959848E-08     1.5054078819E-02
    7.8053998276E-08    -1.2475196969E-02
    7.9555036705E-08    -6.3565709765E-03
    8.1056075133E-08     1.1177698717E-02
    8.2557113562E-08     2.7802839217E-03
    8.4058151990E-08    -1.2385838927E-02
    8.5559190418E-08     2.5762749076E-03
    8.7060228847E-08     1.3390574247E-02
    8.8561267275E-08    -1.3315317659E-02
    9.0062305704E-08    -4.4638033524E-03
    9.1563344132E-08     1.9088353690E-02
    9.3064382560E-08    -1.2717463049E-02
    9.4565420989E-08    -8.4609663789E-03
    9.6066459417E-08     2.1452788718E-02
    9.7567497845E-08    -1.2095281371E-02
    9.9068536274E-08    -9.8850606744E-03
    1.0056957470E-07     2.1769646057E-02
    1.0207061313E-07    -1.1730988874E-02
    1.0357165156E-07    -9.6141250840E-03
    1.0507268999E-07     2.0857180474E-02
    1.0657372842E-07    -1.1490266371E-02
    1.0807476684E-07    -8.4339463849E-03
    1.0957580527E-07     1.9257219234E-02
    1.1107684370E-07    -1.1205777157E-02
    1.1257788213E-07    -6.9242075286E-03
    1.1407892056E-07     1.7369221804E-02
    1.1557995899E-07    -1.0807467960E-02
    1.1708099741E-07    -5.4511040783E-03
    1.1858203584E-07     1.5498174936E-02
    1.2008307427E-07    -1.0335891450E-02
    1.2158411270E-07    -4.1875768766E-03
    1.2308515113E-07     1.3856224664E-02
    1.2458618956E-07    -9.9067504609E-03
    1.2608722798E-07    -3.1501603629E-03
    1.2758826641E-07     1.2547268961E-02
    1.2908930484E-07    -9.6522168445E-03
    1.3059034327E-07    -2.2268381456E-03
    1.3209138170E-07     1.1567108471E-02
    1.3359242013E-07    -9.7034645108E-03
    1.3509345856E-07    -1.2795599946E-03
    1.3659449698E-07     1.0838669686E-02
    1.3809553541E-07    -1.0036202754E-02
    1.3959657384E-07    -1.5795302865E-04
    1.4109761227E-07     1.0085511145E-02
    1.4259865070E-07    -1.0604952505E-02
    1.4409968913E-07     1.3753461859E-03
    1.4560072755E-07     9.1306645031E-03
    1.4710176598E-07    -1.1386700200E-02
    1.4860280441E-07     3.3030381535E-03
    1.5010384284E-07     7.9024085890E-03
    1.5160488127E-07    -1.2110627219E-02
    1.5310591970E-07     5.4222582602E-03
    1.5460695812E-07     6.2267369173E-03
    1.5610799655E-07    -1.2389467704E-02
    1.5760903498E-07     7.5597311810E-03
    1.5911007341E-07     3.9335320424E-03
    1.6061111184E-07    -1.1945842663E-02
    1.6211215027E-07     9.5599606881E-03
    1.6361318869E-07     1.0234416553E-03
