    8.3391023800E-10     0.0000000000E+00
    1.6678204760E-09     0.0000000000E+00
    2.5017307140E-09     1.8633265860E-06
    3.3356409520E-09     5.9481973126E-05
    4.1695511900E-09     1.0809530864E-03
    5.0034614280E-09     1.0890152200E-02
    5.8373716660E-09     6.0053705529E-02
    6.6712819040E-09     1.7709703855E-01
    7.5051921420E-09     2.6786156648E-01
    8.3391023800E-09     1.8763337220E-01
    9.1730126179E-09     2.1953117993E-02
    1.0006922856E-08    -7.3335282789E-02
    1.0840833094E-08    -6.7498108138E-02
    1.1674743332E-08    -2.6707399866E-02
    1.2508653570E-08    -5.9229101987E-03
    1.3342563808E-08    -3.6713891968E-04
    1.4176474046E-08    -3.1576835499E-04
    1.5010384284E-08     2.7392130885E-04
    1.5844294522E-08    -2.7536917545E-04
    1.6678204760E-08     2.7534088872E-04
    1.7512114998E-08    -2.7534120078E-04
    1.8346025236E-08     2.7534119884E-04
    1.9179935474E-08    -2.7534119884E-04
    2.0013845712E-08     2.7534119884E-04
    2.0847755950E-08    -2.7782563429E-04
    2.1681666188E-08     1.9665301020E-04
    2.2515576426E-08    -1.6950766070E-03
    2.3349486664E-08    -1.3829553065E-02
    2.4183396902E-08    -7.5711299254E-02
    2.5017307140E-08    -2.0558814385E-01
    2.5851217378E-08    -2.4071193606E-01
    2.6685127616E-08     1.5749456972E-02
    2.7519037854E-08     3.1673492707E-01
    2.8352948092E-08     3.2287161676E-01
    2.9186858330E-08     8.9803039596E-02
    3.0020768568E-08    -8.8286929340E-02
    3.0854678806E-08    -7.6572653534E-02
    3.1688589044E-08     1.6860717892E-03
    3.2522499282E-08     9.8900239177E-03
    3.3356409520E-08    -2.5810523917E-02
    3.4190319758E-08    -3.8686288477E-02
    3.5024229996E-08    -2.0002169312E-02
    3.5858140234E-08     1.5096529961E-03
    3.6692050472E-08     4.4816844863E-03
    3.7525960710E-08    -1.0185565783E-02
    3.8359870948E-08    -3.5936836359E-02
    3.9193781186E-08    -6.0970548042E-02
    4.0027691424E-08    -7.3915300711E-02
    4.0861601662E-08    -6.6731742562E-02
    4.1695511900E-08    -4.0564914727E-02
    4.2529422138E-08    -2.0465169015E-03
    4.3363332376E-08     3.5395172199E-02
    4.4197242614E-08     5.6289860116E-02
    4.5031152852E-08     4.4679346250E-02
    4.5865063090E-08    -4.3869410121E-03
    4.6698973328E-08    -7.9394362841E-02
    4.7532883566E-08    -1.5052420667E-01
    4.8366793804E-08    -1.8820829816E-01
    4.9200704042E-08    -1.6836321123E-01
    5.0034614280E-08    -6.0282444748E-02
    5.0868524518E-08     1.1277353470E-01
    5.1702434756E-08     2.0243386180E-01
    5.2536344994E-08     1.3195436616E-01
    5.3370255232E-08    -4.2680954240E-04
    5.4204165470E-08    -6.7514177236E-02
    5.5038075708E-08    -4.9379100312E-02
    5.5871985946E-08    -1.0064511875E-02
    5.6705896184E-08     7.1672279980E-03
    5.7539806422E-08     1.1787824274E-02
    5.8373716660E-08     1.1366422189E-02
    5.9207626898E-08    -2.2742821372E-04
    6.0041537136E-08    -2.0193757459E-02
    6.0875447374E-08    -3.2411186696E-02
    6.1709357612E-08    -2.3941731305E-02
    6.2543267850E-08    -7.6124035343E-05
    6.3377178088E-08     2.3138469158E-02
    6.4211088326E-08     3.1943290407E-02
    6.5044998564E-08     2.4506511671E-02
    6.5878908802E-08     8.7681543661E-03
    6.6712819040E-08    -4.8872252283E-03
    6.7546729278E-08    -1.2397703967E-02
    6.8380639516E-08    -1.5983549350E-02
    6.9214549754E-08    -1.9543426896E-02
    7.0048459992E-08    -2.1859353224E-02
    7.0882370230E-08    -1.7716018491E-02
    7.1716280468E-08    -3.3912890181E-03
    7.2550190706E-08     1.5853575569E-02
    7.3384100944E-08     3.0694442192E-02
    7.4218011182E-08     3.9500882322E-02
    7.5051921420E-08     3.7505210810E-02
    7.5885831658E-08     6.5306769013E-03
    7.6719741896E-08    -3.4857951158E-02
    7.7553652134E-08    -4.3171831537E-02
    7.8387562372E-08    -1.2499569242E-02
    7.9221472610E-08     1.8666030664E-02
    8.0055382848E-08     1.7343635952E-02
    8.0889293086E-08    -7.1249882201E-03
    8.1723203324E-08    -2.2304313152E-02
    8.2557113562E-08    -1.4639653661E-02
    8.3391023800E-08     4.6273597014E-03
    8.4224934038E-08     1.7313361706E-02
    8.5058844276E-08     1.3414661117E-02
    8.5892754514E-08    -3.9218871437E-03
    8.6726664752E-08    -2.2435489861E-02
    8.7560574990E-08    -2.8546718246E-02
    8.8394485228E-08    -1.7217590695E-02
    8.9228395466E-08     4.4955592482E-03
    9.0062305704E-08     2.2340596406E-02
    9.0896215941E-08     2.5263159609E-02
    9.1730126179E-08     1.2290849234E-02
    9.2564036417E-08    -7.5985452741E-03
    9.3397946655E-08    -2.2637539913E-02
    9.4231856893E-08    -2.5539033647E-02
    9.5065767131E-08    -1.7013681062E-02
    9.5899677369E-08    -3.2110217218E-03
    9.6733587607E-08     8.7273183675E-03
    9.7567497845E-08     1.5298441581E-02
    9.8401408083E-08     1.7362641883E-02
    9.9235318321E-08     1.3601525186E-02
    1.0006922856E-07    -1.4136936097E-04
    1.0090313880E-07    -1.4675712610E-02
    1.0173704904E-07    -1.6469232519E-02
    1.0257095927E-07    -6.1539715449E-03
    1.0340486951E-07     5.0582500088E-03
    1.0423877975E-07     9.7745985114E-03
    1.0507268999E-07     8.9292870254E-03
    1.0590660023E-07     4.6923389773E-03
    1.0674051046E-07    -3.5794538584E-03
    1.0757442070E-07    -1.3110292610E-02
    1.0840833094E-07    -1.6234532862E-02
    1.0924224118E-07    -7.8567567102E-03
    1.1007615142E-07     8.0203203172E-03
    1.1091006165E-07     2.0300231364E-02
    1.1174397189E-07     1.9882043703E-02
    1.1257788213E-07     6.8226698304E-03
    1.1341179237E-07    -9.7074465969E-03
    1.1424570261E-07    -1.8602866427E-02
    1.1507961284E-07    -1.4975252904E-02
    1.1591352308E-07    -3.2379646376E-03
    1.1674743332E-07     7.3047049605E-03
    1.1758134356E-07     9.9641667296E-03
    1.1841525380E-07     5.3471043683E-03
    1.1924916403E-07    -5.7167124214E-04
    1.2008307427E-07    -2.3126057874E-03
    1.2091698451E-07     4.0705835134E-04
    1.2175089475E-07     3.5483156095E-03
    1.2258480499E-07     3.2901305913E-03
    1.2341871522E-07    -1.1361400749E-03
    1.2425262546E-07    -6.7523586469E-03
    1.2508653570E-07    -7.0413170771E-03
    1.2592044594E-07    -5.3083448599E-04
    1.2675435618E-07     5.7484180393E-03
    1.2758826641E-07     4.8779605758E-03
    1.2842217665E-07    -1.8380133268E-03
    1.2925608689E-07    -6.8417048463E-03
    1.3008999713E-07    -4.8391225992E-03
    1.3092390737E-07     2.2011948682E-03
    1.3175781760E-07     8.0234980308E-03
    1.3259172784E-07     7.4890779555E-03
    1.3342563808E-07     3.1978855576E-04
    1.3425954832E-07    -8.4451274927E-03
    1.3509345856E-07    -1.1889493254E-02
    1.3592736879E-07    -6.5385107544E-03
    1.3676127903E-07     4.2897583508E-03
    1.3759518927E-07     1.2551261918E-02
    1.3842909951E-07     1.1663107784E-02
    1.3926300975E-07     1.9443400001E-03
    1.4009691998E-07    -9.3987066590E-03
    1.4093083022E-07    -1.3793325491E-02
    1.4176474046E-07    -8.0453680479E-03
    1.4259865070E-07     3.2576137432E-03
    1.4343256094E-07     1.1468708868E-02
    1.4426647117E-07     1.0741032579E-02
    1.4510038141E-07     2.3440698651E-03
    1.4593429165E-07    -6.7352728163E-03
    1.4676820189E-07    -9.6701568776E-03
    1.4760211213E-07    -5.2915271614E-03
    1.4843602236E-07     1.8392818693E-03
    1.4926993260E-07     6.4430501589E-03
    1.5010384284E-07     5.8136269445E-03
    1.5093775308E-07     1.1553298705E-03
    1.5177166332E-07    -3.2395869575E-03
    1.5260557355E-07    -3.7907747732E-03
    1.5343948379E-07    -1.0182654544E-03
    1.5427339403E-07     1.2916731435E-03
    1.5510730427E-07     4.5622520121E-04
    1.5594121451E-07    -2.0144647818E-03
    1.5677512474E-07    -2.3747913277E-03
    1.5760903498E-07     9.3255938013E-04
    1.5844294522E-07     5.2945092841E-03
    1.5927685546E-07     6.2564617768E-03
    1.6011076570E-07     1.8689749717E-03
    1.6094467593E-07    -5.0876941161E-03
    1.6177858617E-07    -9.0633636423E-03
    1.6261249641E-07    -6.3958710366E-03
    1.6344640665E-07     1.3413155120E-03
    1.6428031689E-07     8.2879694828E-03
    1.6511422712E-07     8.9781782577E-03
    1.6594813736E-07     2.8491698551E-03
    1.6678204760E-07    -5.2114783071E-03
    1.6761595784E-07    -8.8410940710E-03
    1.6844986808E-07    -5.3634995547E-03
    1.6928377831E-07     2.1220970327E-03
    1.7011768855E-07     7.4547567184E-03
    1.7095159879E-07     6.5079052842E-03
    1.7178550903E-07     3.7895974877E-04
    1.7261941927E-07    -5.7052841403E-03
    1.7345332950E-07    -6.7534867364E-03
    1.7428723974E-07    -2.4136491004E-03
    1.7512114998E-07     3.1385028431E-03
    1.7595506022E-07     5.3512298776E-03
    1.7678897046E-07     3.0629224398E-03
    1.7762288069E-07    -1.1055645764E-03
    1.7845679093E-07    -3.4382181915E-03
    1.7929070117E-07    -2.3087359920E-03
    1.8012461141E-07     7.0860575637E-04
    1.8095852164E-07     2.4564856249E-03
    1.8179243188E-07     1.2030586547E-03
    1.8262634212E-07    -1.6809891172E-03
    1.8346025236E-07    -3.0587072807E-03
    1.8429416260E-07    -1.1574385761E-03
    1.8512807283E-07     2.5140198880E-03
    1.8596198307E-07     4.4222350289E-03
    1.8679589331E-07     2.3400870094E-03
    1.8762980355E-07    -2.3421096783E-03
    1.8846371379E-07    -5.5894776422E-03
    1.8929762402E-07    -4.2468320334E-03
    1.9013153426E-07     9.8203462130E-04
    1.9096544450E-07     5.8652442385E-03
    1.9179935474E-07     6.1507592476E-03
    1.9263326498E-07     1.2920988231E-03
    1.9346717521E-07    -4.8959696786E-03
    1.9430108545E-07    -7.3189971769E-03
    1.9513499569E-07    -3.8822157168E-03
    1.9596890593E-07     2.6856806167E-03
    1.9680281617E-07     7.0928977285E-03
    1.9763672640E-07     5.8829630132E-03
    1.9847063664E-07     1.3871954191E-04
    1.9930454688E-07    -5.4534929432E-03
    2.0013845712E-07    -6.4607932617E-03
    2.0097236736E-07    -2.3693823939E-03
    2.0180627759E-07     3.1428297217E-03
    2.0264018783E-07     5.5188346134E-03
    2.0347409807E-07     3.2049965692E-03
    2.0430800831E-07    -1.2988352296E-03
    2.0514191855E-07    -3.9554068508E-03
    2.0597582878E-07    -2.7789083178E-03
    2.0680973902E-07     6.6822553710E-04
    2.0764364926E-07     2.9741003713E-03
    2.0847755950E-07     2.0761753802E-03
    2.0931146974E-07    -9.4492791982E-04
    2.1014537997E-07    -3.0081341887E-03
    2.1097929021E-07    -1.9915248545E-03
    2.1181320045E-07     1.2402948209E-03
    2.1264711069E-07     3.6065576616E-03
    2.1348102093E-07     2.6839357636E-03
    2.1431493116E-07    -9.5650848526E-04
    2.1514884140E-07    -4.1226227346E-03
    2.1598275164E-07    -3.8246761497E-03
    2.1681666188E-07    -3.8635134211E-05
    2.1765057212E-07     4.1029644939E-03
    2.1848448235E-07     4.9596005463E-03
    2.1931839259E-07     1.5886935834E-03
    2.2015230283E-07    -3.3168057442E-03
    2.2098621307E-07    -5.6364193061E-03
    2.2182012331E-07    -3.3338784583E-03
    2.2265403354E-07     1.7337954652E-03
    2.2348794378E-07     5.3813935178E-03
    2.2432185402E-07     4.6376358854E-03
    2.2515576426E-07     1.9730661407E-04
    2.2598967450E-07    -4.2269039273E-03
    2.2682358473E-07    -5.0475230798E-03
    2.2765749497E-07    -1.7700748694E-03
    2.2849140521E-07     2.7007008465E-03
    2.2932531545E-07     4.6160823248E-03
    2.3015922569E-07     2.5742967483E-03
    2.3099313592E-07    -1.4107342336E-03
    2.3182704616E-07    -3.8164262234E-03
    2.3266095640E-07    -2.7226359893E-03
    2.3349486664E-07     6.2659949086E-04
    2.3432877688E-07     3.1028264833E-03
    2.3516268711E-07     2.5597739572E-03
    2.3599659735E-07    -3.0792291652E-04
    2.3683050759E-07    -2.7235028408E-03
    2.3766441783E-07    -2.4335775480E-03
    2.3849832807E-07     2.3526210988E-04
    2.3933223830E-07     2.7196426819E-03
    2.4016614854E-07     2.6145481438E-03
    2.4100005878E-07    -7.8479812701E-05
    2.4183396902E-07    -2.9079697517E-03
    2.4266787926E-07    -3.1885352755E-03
    2.4350178949E-07    -4.8299616000E-04
    2.4433569973E-07     2.9079740253E-03
    2.4516960997E-07     3.9367464698E-03
    2.4600352021E-07     1.5333660559E-03
    2.4683743045E-07    -2.3671931146E-03
    2.4767134068E-07    -4.4251470556E-03
    2.4850525092E-07    -2.7883890279E-03
    2.4933916116E-07     1.2452697243E-03
    2.5017307140E-07     4.2952987821E-03
    2.5100698164E-07     3.7888921262E-03
    2.5184089187E-07     1.6329616661E-04
    2.5267480211E-07    -3.5224501050E-03
    2.5350871235E-07    -4.2106208392E-03
    2.5434262259E-07    -1.4235964290E-03
    2.5517653283E-07     2.3971423676E-03
    2.5601044306E-07     4.0338497078E-03
    2.5684435330E-07     2.2351907708E-03
    2.5767826354E-07    -1.2995558014E-03
    2.5851217378E-07    -3.4878145244E-03
    2.5934608402E-07    -2.5584708096E-03
    2.6017999425E-07     4.8791101773E-04
    2.6101390449E-07     2.8757695682E-03
    2.6184781473E-07     2.5558810636E-03
    2.6268172497E-07    -2.8183333610E-05
    2.6351563521E-07    -2.4365755750E-03
    2.6434954544E-07    -2.4849080764E-03
    2.6518345568E-07    -2.0191446791E-04
    2.6601736592E-07     2.2478795582E-03
    2.6685127616E-07     2.5696499784E-03
    2.6768518640E-07     4.3967408706E-04
    2.6851909663E-07    -2.1946302015E-03
    2.6935300687E-07    -2.8813555270E-03
    2.7018691711E-07    -9.0429829516E-04
    2.7102082735E-07     2.0259722242E-03
    2.7185473759E-07     3.2741689155E-03
    2.7268864782E-07     1.6387082534E-03
    2.7352255806E-07    -1.5353369576E-03
    2.7435646830E-07    -3.4923878738E-03
    2.7519037854E-07    -2.4753856800E-03
    2.7602428878E-07     7.0584252615E-04
    2.7685819901E-07     3.3412422080E-03
    2.7769210925E-07     3.1591757922E-03
    2.7852601949E-07     3.0093820226E-04
    2.7935992973E-07    -2.7960003434E-03
    2.8019383997E-07    -3.5031872814E-03
    2.8102775020E-07    -1.2581516231E-03
    2.8186166044E-07     1.9809741377E-03
    2.8269557068E-07     3.4540313268E-03
    2.8352948092E-07     1.9747264363E-03
    2.8436339116E-07    -1.0960561906E-03
    2.8519730139E-07    -3.0894817954E-03
    2.8603121163E-07    -2.3593452822E-03
    2.8686512187E-07     3.3792962916E-04
    2.8769903211E-07     2.5838034212E-03
    2.8853294235E-07     2.4561201805E-03
    2.8936685258E-07     1.8509726722E-04
    2.9020076282E-07    -2.1266823426E-03
    2.9103467306E-07    -2.4212030417E-03
    2.9186858330E-07    -5.0798364577E-04
    2.9270249354E-07     1.8168022823E-03
    2.9353640377E-07     2.4245584612E-03
    2.9437031401E-07     7.7611257566E-04
    2.9520422425E-07    -1.6089004979E-03
    2.9603813449E-07    -2.5379025495E-03
    2.9687204473E-07    -1.1336621297E-03
    2.9770595496E-07     1.3631461236E-03
    2.9853986520E-07     2.6985034916E-03
    2.9937377544E-07     1.6280543068E-03
    3.0020768568E-07    -9.4981624516E-04
    3.0104159592E-07    -2.7670319562E-03
    3.0187550615E-07    -2.1877747803E-03
    3.0270941639E-07     3.3081579696E-04
    3.0354332663E-07     2.6155001025E-03
    3.0437723687E-07     2.6697181022E-03
    3.0521114711E-07     4.2365398233E-04
    3.0604505734E-07    -2.1953243620E-03
    3.0687896758E-07    -2.9352889385E-03
    3.0771287782E-07    -1.1722554893E-03
    3.0854678806E-07     1.5602260743E-03
    3.0938069830E-07     2.9155002384E-03
    3.1021460853E-07     1.7669451259E-03
    3.1104851877E-07    -8.4268029483E-04
    3.1188242901E-07    -2.6432835513E-03
    3.1271633925E-07    -2.1222844631E-03
    3.1355024949E-07     1.8951782243E-04
    3.1438415972E-07     2.2334766370E-03
    3.1521806996E-07     2.2524905010E-03
    3.1605198020E-07     3.1045873099E-04
    3.1688589044E-07    -1.8177133799E-03
    3.1771980068E-07    -2.2515885650E-03
    3.1855371091E-07    -6.6335371742E-04
    3.1938762115E-07     1.4719193944E-03
    3.2022153139E-07     2.2265503481E-03
    3.2105544163E-07     9.4577134905E-04
    3.2188935187E-07    -1.1873308750E-03
    3.2272326210E-07    -2.2330736883E-03
    3.2355717234E-07    -1.2419855808E-03
    3.2439108258E-07     8.9601954106E-04
    3.2522499282E-07     2.2525547543E-03
    3.2605890306E-07     1.5903446090E-03
    3.2689281329E-07    -5.2382318342E-04
    3.2772672353E-07    -2.2149722574E-03
    3.2856063377E-07    -1.9641068108E-03
    3.2939454401E-07     3.6936516204E-05
    3.3022845425E-07     2.0424445475E-03
    3.3106236448E-07     2.2856485416E-03
    3.3189627472E-07     5.3573565771E-04
    3.3273018496E-07    -1.6931117276E-03
    3.3356409520E-07    -2.4643653442E-03
    3.3439800544E-07    -1.1105925338E-03
    3.3523191567E-07     1.1888528202E-03
    3.3606582591E-07     2.4436961410E-03
    3.3689973615E-07     1.5870882968E-03
    3.3773364639E-07    -6.0990148020E-04
    3.3856755663E-07    -2.2318681452E-03
    3.3940146686E-07    -1.8969492115E-03
    3.4023537710E-07     5.5715436791E-05
    3.4106928734E-07     1.8954825126E-03
    3.4190319758E-07     2.0339001988E-03
    3.4273710782E-07     4.0329237506E-04
    3.4357101805E-07    -1.5206131171E-03
    3.4440492829E-07    -2.0456877843E-03
    3.4523883853E-07    -7.5178313840E-04
    3.4607274877E-07     1.1691199456E-03
    3.4690665901E-07     1.9987706664E-03
    3.4774056924E-07     1.0222900472E-03
    3.4857447948E-07    -8.5590016937E-04
    3.4940838972E-07    -1.9405204161E-03
    3.5024229996E-07    -1.2649851922E-03
    3.5107621020E-07     5.5370173302E-04
    3.5191012043E-07     1.8770765936E-03
    3.5274403067E-07     1.5134402441E-03
    3.5357794091E-07    -2.1872530594E-04
    3.5441185115E-07    -1.7754876268E-03
    3.5524576139E-07    -1.7624931151E-03
    3.5607967162E-07    -1.7654335261E-04
    3.5691358186E-07     1.5874370614E-03
    3.5774749210E-07     1.9686187402E-03
    3.5858140234E-07     6.2016891647E-04
    3.5941531258E-07    -1.2822145775E-03
    3.6024922281E-07    -2.0734470810E-03
    3.6108313305E-07    -1.0611970399E-03
    3.6191704329E-07     8.6957262923E-04
    3.6275095353E-07     2.0365613741E-03
    3.6358486377E-07     1.4333240204E-03
    3.6441877400E-07    -3.9875969637E-04
    3.6525268424E-07    -1.8573951642E-03
    3.6608659448E-07    -1.6865197459E-03
    3.6692050472E-07    -6.4355832371E-05
    3.6775441496E-07     1.5739750714E-03
    3.6858832519E-07     1.8072881305E-03
    3.6942223543E-07     4.6637505206E-04
    3.7025614567E-07    -1.2423869982E-03
    3.7109005591E-07    -1.8181848100E-03
    3.7192396615E-07    -7.8517782422E-04
    3.7275787638E-07     9.1064186885E-04
    3.7359178662E-07     1.7603184576E-03
    3.7442569686E-07     1.0310840148E-03
    3.7525960710E-07    -6.0066156495E-04
    3.7609351734E-07    -1.6699780799E-03
    3.7692742757E-07    -1.2321845169E-03
    3.7776133781E-07     3.0571507450E-04
    3.7859524805E-07     1.5609032325E-03
    3.7942915829E-07     1.4125031889E-03
    3.8026306853E-07    -3.3018571585E-06
    3.8109697876E-07    -1.4208498654E-03
    3.8193088900E-07    -1.5745999233E-03
    3.8276479924E-07    -3.2382183978E-04
    3.8359870948E-07     1.2240462554E-03
    3.8443261972E-07     1.6963805443E-03
    3.8526652995E-07     6.7085738058E-04
    3.8610044019E-07    -9.5173120290E-04
    3.8693435043E-07    -1.7435653536E-03
    3.8776826067E-07    -1.0083825140E-03
    3.8860217091E-07     6.0800386309E-04
    3.8943608114E-07     1.6894247538E-03
    3.9026999138E-07     1.2945121048E-03
    3.9110390162E-07    -2.2208742243E-04
    3.9193781186E-07    -1.5297554092E-03
    3.9277172210E-07    -1.4934402071E-03
    3.9360563233E-07    -1.6275112985E-04
    3.9443954257E-07     1.2855847214E-03
    3.9527345281E-07     1.5899004108E-03
    3.9610736305E-07     5.0636728173E-04
    3.9694127329E-07    -9.9375219496E-04
    3.9777518352E-07    -1.5928998323E-03
    3.9860909376E-07    -7.8597198009E-04
    3.9944300400E-07     6.9102081512E-04
    4.0027691424E-07     1.5278422753E-03
    4.0111082448E-07     1.0008104691E-03
    4.0194473471E-07    -4.0005225680E-04
    4.0277864495E-07    -1.4217946181E-03
    4.0361255519E-07    -1.1654407867E-03
    4.0444646543E-07     1.2441224912E-04
    4.0528037567E-07     1.2900570901E-03
    4.0611428590E-07     1.2959337151E-03
    4.0694819614E-07     1.4523119547E-04
    4.0778210638E-07    -1.1314866942E-03
    4.0861601662E-07    -1.3974061112E-03
    4.0944992686E-07    -4.1822202253E-04
    4.1028383709E-07     9.3450086055E-04
    4.1111774733E-07     1.4600030966E-03
    4.1195165757E-07     6.9250089034E-04
    4.1278556781E-07    -6.8917315444E-04
    4.1361947805E-07    -1.4647742996E-03
    4.1445338828E-07    -9.5109078502E-04
    4.1528729852E-07     3.9785972547E-04
    4.1612120876E-07     1.3950896708E-03
    4.1695511900E-07     1.1676394886E-03
    4.1778902924E-07    -7.8663462856E-05
    4.1862293947E-07    -1.2469032417E-03
    4.1945684971E-07    -1.3172646570E-03
    4.2029075995E-07    -2.3950671706E-04
    4.2112467019E-07     1.0325922883E-03
    4.2195858043E-07     1.3867537919E-03
    4.2279249066E-07     5.2724030237E-04
    4.2362640090E-07    -7.7680228467E-04
    4.2446031114E-07    -1.3789549855E-03
    4.2529422138E-07    -7.6474394879E-04
    4.2612813162E-07     5.0680557855E-04
    4.2696204185E-07     1.3094007281E-03
    4.2779595209E-07     9.4658957552E-04
    4.2862986233E-07    -2.4271431451E-04
    4.2946377257E-07    -1.1974649639E-03
    4.3029768281E-07    -1.0789904400E-03
    4.3113159304E-07    -7.2442634014E-06
    4.3196550328E-07     1.0572851484E-03
    4.3279941352E-07     1.1718363355E-03
    4.3363332376E-07     2.4440751178E-04
    4.3446723400E-07    -8.9340271114E-04
    4.3530114423E-07    -1.2304977711E-03
    4.3613505447E-07    -4.7250998674E-04
    4.3696896471E-07     7.0288842411E-04
    4.3780287495E-07     1.2519499640E-03
    4.3863678519E-07     6.9027036711E-04
    4.3947069542E-07    -4.8194484371E-04
    4.4030460566E-07    -1.2268353321E-03
    4.4113851590E-07    -8.8786627527E-04
    4.4197242614E-07     2.3286443190E-04
    4.4280633638E-07     1.1457733839E-03
    4.4364024661E-07     1.0489348765E-03
    4.4447415685E-07     3.2519238652E-05
    4.4530806709E-07    -1.0062119433E-03
    4.4614197733E-07    -1.1567542651E-03
    4.4697588757E-07    -2.9466225184E-04
    4.4780979780E-07     8.1604133032E-04
    4.4864370804E-07     1.2011376769E-03
    4.4947761828E-07     5.3232603188E-04
    4.5031152852E-07    -5.9208773868E-04
    4.5114543876E-07    -1.1823046439E-03
    4.5197934899E-07    -7.2941826880E-04
    4.5281325923E-07     3.5447838541E-04
    4.5364716947E-07     1.1098162613E-03
    4.5448107971E-07     8.7900992293E-04
    4.5531498995E-07    -1.2011957581E-04
    4.5614890018E-07    -9.9754254816E-04
    4.5698281042E-07    -9.8272258089E-04
    4.5781672066E-07    -1.0125760935E-04
    4.5865063090E-07     8.5771556835E-04
    4.5948454114E-07     1.0463899757E-03
    4.6031845137E-07     3.0680317326E-04
    4.6115236161E-07    -6.9725415463E-04
    4.6198627185E-07    -1.0747761583E-03
    4.6282018209E-07    -4.9678550832E-04
    4.6365409233E-07     5.1795245923E-04
    4.6448800256E-07     1.0682834838E-03
    4.6532191280E-07     6.6985785912E-04
    4.6615582304E-07    -3.1992382866E-04
    4.6698973328E-07    -1.0232216941E-03
    4.6782364352E-07    -8.2010318247E-04
    4.6865755375E-07     1.0603403985E-04
    4.6949146399E-07     9.3518418747E-04
    4.7032537423E-07     9.3744283702E-04
    4.7115928447E-07     1.1531496068E-04
    4.7199319471E-07    -8.0342008718E-04
    4.7282710494E-07    -1.0110538786E-03
    4.7366101518E-07    -3.3063294507E-04
    4.7449492542E-07     6.3364255763E-04
    4.7532883566E-07     1.0337826086E-03
    4.7616274590E-07     5.2471909070E-04
    4.7699665613E-07    -4.3772889195E-04
    4.7783056637E-07    -1.0050986650E-03
    4.7866447661E-07    -6.8505161345E-04
    4.7949838685E-07     2.3058828812E-04
    4.8033229709E-07     9.3110989560E-04
    4.8116620732E-07     8.0486835233E-04
    4.8200011756E-07    -2.5982298891E-05
    4.8283402780E-07    -8.2186668675E-04
    4.8366793804E-07    -8.8353266234E-04
    4.8450184828E-07    -1.6654178658E-04
    4.8533575851E-07     6.8757794015E-04
    4.8616966875E-07     9.2433627994E-04
    4.8700357899E-07     3.4225125573E-04
    4.8783748923E-07    -5.3574466971E-04
    4.8867139947E-07    -9.3119143820E-04
    4.8950530970E-07    -4.9942242092E-04
    4.9033921994E-07     3.7053227794E-04
    4.9117313018E-07     9.0609083579E-04
    4.9200704042E-07     6.3643896034E-04
    4.9284095066E-07    -1.9439830112E-04
    4.9367486089E-07    -8.4863343670E-04
    4.9450877113E-07    -7.4957636047E-04
    4.9534268137E-07     1.0766317848E-05
    4.9617659161E-07     7.5767455149E-04
    4.9701050185E-07     8.3273626892E-04
    4.9784441208E-07     1.7395568798E-04
    4.9867832232E-07    -6.3396247649E-04
    4.9951223256E-07    -8.7920247457E-04
    5.0034614280E-07    -3.5022358753E-04
    5.0118005304E-07     4.8214181066E-04
    5.0201396327E-07     8.8434256139E-04
    5.0284787351E-07     5.0714950333E-04
    5.0368178375E-07    -3.1097120668E-04
    5.0451569399E-07    -8.4772927537E-04
    5.0534960423E-07    -6.3523854019E-04
    5.0618351446E-07     1.3166121093E-04
    5.0701742470E-07     7.7358149125E-04
    5.0785133494E-07     7.2864021451E-04
    5.0868524518E-07     4.4759497254E-05
    5.0951915542E-07    -6.6939295994E-04
    5.1035306565E-07    -7.8585244049E-04
    5.1118697589E-07    -2.0971258260E-04
    5.1202088613E-07     5.4356163229E-04
    5.1285479637E-07     8.0870099593E-04
    5.1368870661E-07     3.5793958026E-04
    5.1452261684E-07    -4.0327386202E-04
    5.1535652708E-07    -8.0032175630E-04
    5.1619043732E-07    -4.8675832680E-04
    5.1702434756E-07     2.5364623900E-04
    5.1785825780E-07     7.6332528570E-04
    5.1869216803E-07     5.9436590819E-04
    5.1952607827E-07    -9.8356668442E-05
    5.2035998851E-07    -6.9910487988E-04
    5.2119389875E-07    -6.7829635351E-04
    5.2202780899E-07    -5.8842347865E-05
    5.2286171922E-07     6.0851919492E-04
    5.2369562946E-07     7.3494281541E-04
    5.2452953970E-07     2.1276727113E-04
    5.2536344994E-07    -4.9338745412E-04
    5.2619736018E-07    -7.6036917546E-04
    5.2703127041E-07    -3.5646093623E-04
    5.2786518065E-07     3.5782492427E-04
    5.2869909089E-07     7.5189260581E-04
    5.2953300113E-07     4.8208782692E-04
    5.3036691137E-07    -2.0860454453E-04
    5.3120082160E-07    -7.0952584211E-04
    5.3203473184E-07    -5.8259573410E-04
    5.3286864208E-07     5.4311069373E-05
    5.3370255232E-07     6.3649591260E-04
    5.3453646256E-07     6.5328652402E-04
    5.3537037279E-07     9.6289253808E-05
    5.3620428303E-07    -5.3858831564E-04
    5.3703819327E-07    -6.9253563791E-04
    5.3787210351E-07    -2.3585604653E-04
    5.3870601374E-07     4.2269209218E-04
    5.3953992398E-07     7.0139241094E-04
    5.4037383422E-07     3.5932269403E-04
    5.4120774446E-07    -2.9530375497E-04
    5.4204165470E-07    -6.8239323894E-04
    5.4287556493E-07    -4.6370777564E-04
    5.4370947517E-07     1.6169489990E-04
    5.4454338541E-07     6.3829365273E-04
    5.4537729565E-07     5.4718422341E-04
    5.4621120589E-07    -2.6019305412E-05
    5.4704511612E-07    -5.7138437631E-04
    5.4787902636E-07    -6.0805930813E-04
    5.4871293660E-07    -1.0790250949E-04
    5.4954684684E-07     4.8365850364E-04
    5.5038075708E-07     6.4428784837E-04
    5.5121466731E-07     2.3572493250E-04
    5.5204857755E-07    -3.7759466297E-04
    5.5288248779E-07    -6.5377602353E-04
    5.5371639803E-07    -3.5222950060E-04
    5.5455030827E-07     2.5699467562E-04
    5.5538421850E-07     6.3526343995E-04
    5.5621812874E-07     4.5173874085E-04
    5.5705203898E-07    -1.2731993757E-04
    5.5788594922E-07    -5.8925547243E-04
    5.5871985946E-07    -5.2910013283E-04
    5.5955376969E-07    -4.7234781981E-06
    5.6038767993E-07     5.1847059027E-04
    5.6122159017E-07     5.8074043757E-04
    5.6205550041E-07     1.3218051409E-04
    5.6288941065E-07    -4.2755001277E-04
    5.6372332088E-07    -6.0527250168E-04
    5.6455723112E-07    -2.4895202395E-04
    5.6539114136E-07     3.2217748685E-04
    5.6622505160E-07     6.0339902233E-04
    5.6705896184E-07     3.5051122393E-04
    5.6789287207E-07    -2.0804869011E-04
    5.6872678231E-07    -5.7723702836E-04
    5.6956069255E-07    -4.3397642502E-04
    5.7039460279E-07     9.0161938548E-05
    5.7122851303E-07     5.2946647714E-04
    5.7206242326E-07     4.9764068809E-04
    5.7289633350E-07     2.7319617972E-05
    5.7373024374E-07    -4.6274428401E-04
    5.7456415398E-07    -5.4032542888E-04
    5.7539806422E-07    -1.4071565691E-04
    5.7623197445E-07     3.7962458625E-04
    5.7706588469E-07     5.6096854388E-04
    5.7789979493E-07     2.4632146732E-04
    5.7873370517E-07    -2.8291733576E-04
    5.7956761541E-07    -5.5867663534E-04
    5.8040152564E-07    -3.4012987097E-04
    5.8123543588E-07     1.7617433000E-04
    5.8206934612E-07     5.3318173115E-04
    5.8290325636E-07     4.1800164544E-04
    5.8373716660E-07    -6.3938884955E-05
    5.8457107683E-07    -4.8540926443E-04
    5.8540498707E-07    -4.7623099132E-04
    5.8623889731E-07    -4.8453358850E-05
    5.8707280755E-07     4.1780831704E-04
    5.8790671779E-07     5.1222756712E-04
    5.8874062802E-07     1.5547664766E-04
    5.8957453826E-07    -3.3423476016E-04
    5.9040844850E-07    -5.2497875971E-04
    5.9124235874E-07    -2.5215809565E-04
    5.9207626898E-07     2.3942196590E-04
    5.9291017921E-07     5.1508383727E-04
    5.9374408945E-07     3.3463926990E-04
    5.9457799969E-07    -1.3828119856E-04
    5.9541190993E-07    -4.8438061748E-04
    5.9624582017E-07    -4.0034972057E-04
    5.9707973040E-07     3.5336120948E-05
    5.9791364064E-07     4.3538343288E-04
    5.9874755088E-07     4.4779916596E-04
    5.9958146112E-07     6.5506838875E-05
    6.0041537136E-07    -3.7081597076E-04
    6.0124928159E-07    -4.7618388967E-04
    6.0208319183E-07    -1.6084857697E-04
    6.0291710207E-07     2.9343185279E-04
    6.0375101231E-07     4.8506938352E-04
    6.0458492255E-07     2.4752391363E-04
    6.0541883278E-07    -2.0613166327E-04
    6.0625274302E-07    -4.7433063615E-04
    6.0708665326E-07    -3.2240765123E-04
    6.0792056350E-07     1.1221423512E-04
    6.0875447374E-07     4.4435942028E-04
    6.0958838397E-07     3.8247027335E-04
    6.1042229421E-07    -1.5533886003E-05
    6.1125620445E-07    -3.9638540358E-04
    6.1209011469E-07    -4.2509195393E-04
    6.1292402493E-07    -7.9598327922E-05
