    1.0006922856E-09     0.0000000000E+00
    2.0013845712E-09     0.0000000000E+00
    3.0020768568E-09    -3.2198283407E-07
    4.0027691424E-09    -2.0307785685E-05
    5.0034614280E-09    -5.6508533465E-04
    6.0041537136E-09    -7.1052913166E-03
    7.0048459992E-09    -4.1441191836E-02
    8.0055382848E-09    -1.1521383878E-01
    9.0062305704E-09    -1.4369999271E-01
    1.0006922856E-08    -1.0735588129E-02
    1.1007615142E-08     2.0631627170E-01
    1.2008307427E-08     2.5713806687E-01
    1.3008999713E-08     4.6513052868E-02
    1.4009691998E-08    -1.9454960605E-01
    1.5010384284E-08    -1.7983781999E-01
    1.6011076570E-08     5.9953264869E-02
    1.7011768855E-08     2.1188933377E-01
    1.8012461141E-08     8.7373804482E-02
    1.9013153426E-08    -1.3923228861E-01
    2.0013845712E-08    -1.7215022860E-01
    2.1014537997E-08     1.6562386202E-02
    2.2015230283E-08     1.6705158219E-01
    2.3015922569E-08     8.8571055485E-02
    2.4016614854E-08    -9.6695040731E-02
    2.5017307140E-08    -1.3637190436E-01
    2.6017999425E-08     1.1369762699E-02
    2.7018691711E-08     1.3902078608E-01
    2.8019383997E-08     8.1927402435E-02
    2.9020076282E-08    -7.0049158752E-02
    3.0020768568E-08    -1.1496325247E-01
    3.1021460853E-08    -1.5880466099E-02
    3.2022153139E-08     6.9408487713E-02
    3.3022845425E-08     2.4547483843E-02
    3.4023537710E-08    -6.7121172189E-02
    3.5024229996E-08    -5.5097708406E-02
    3.6024922281E-08     5.6481190707E-02
    3.7025614567E-08     1.1307357991E-01
    3.8026306853E-08     2.7931052285E-02
    3.9026999138E-08    -9.4594264823E-02
    4.0027691424E-08    -9.9290589175E-02
    4.1028383709E-08     1.3412787745E-02
    4.2029075995E-08     9.4421087184E-02
    4.3029768281E-08     4.7114403582E-02
    4.4030460566E-08    -5.3327423706E-02
    4.5031152852E-08    -7.1392950318E-02
    4.6031845137E-08     1.1688648234E-02
    4.7032537423E-08     8.9581078215E-02
    4.8033229709E-08     8.0173909586E-02
    4.9033921994E-08     1.8289619164E-02
    5.0034614280E-08    -1.8246737944E-02
    5.1035306565E-08    -2.1601978923E-02
    5.2035998851E-08    -4.3731038022E-02
    5.3036691137E-08    -9.4096950872E-02
    5.4037383422E-08    -1.0721980186E-01
    5.5038075708E-08    -3.2323387877E-02
    5.6038767993E-08     8.2014206476E-02
    5.7039460279E-08     1.2983310186E-01
    5.8040152564E-08     6.6090175009E-02
    5.9040844850E-08    -4.5268583556E-02
    6.0041537136E-08    -1.0284505860E-01
    6.1042229421E-08    -6.5371220216E-02
    6.2042921707E-08     2.5661402140E-02
    6.3043613992E-08     9.5682416945E-02
    6.4044306278E-08     9.4129104024E-02
    6.5044998564E-08     2.2975147919E-02
    6.6045690849E-08    -6.3491615330E-02
    6.7046383135E-08    -9.3297880515E-02
    6.8047075420E-08    -4.1117173341E-02
    6.9047767706E-08     3.5146214517E-02
    7.0048459992E-08     4.9000696361E-02
    7.1049152277E-08    -7.8282191921E-03
    7.2049844563E-08    -4.0980554946E-02
    7.3050536848E-08     2.9648714843E-02
    7.4051229134E-08     1.4455864306E-01
    7.5051921420E-08     1.5184632591E-01
    7.6052613705E-08     3.7012774242E-04
    7.7053305991E-08    -1.6436199231E-01
    7.8053998276E-08    -1.5584607378E-01
    7.9054690562E-08     1.6630421953E-02
    8.0055382848E-08     1.3950935863E-01
    8.1056075133E-08     5.4526084570E-02
    8.2056767419E-08    -1.3208125005E-01
    8.3057459704E-08    -1.7320351124E-01
    8.4058151990E-08     1.2539350573E-03
    8.5058844276E-08     1.8017445612E-01
    8.6059536561E-08     1.3139616302E-01
    8.7060228847E-08    -9.6717821082E-02
    8.8060921132E-08    -2.2509473086E-01
    8.9061613418E-08    -9.2486074956E-02
    9.0062305704E-08     1.4034390924E-01
    9.1062997989E-08     1.9358411637E-01
    9.2063690275E-08     1.7398996947E-02
    9.3064382560E-08    -1.5874959158E-01
    9.4065074846E-08    -1.2789488511E-01
    9.5065767131E-08     4.1794273190E-02
    9.6066459417E-08     1.2240628349E-01
    9.7067151703E-08     3.6120257981E-02
    9.8067843988E-08    -5.7419396697E-02
    9.9068536274E-08     3.3280856085E-03
    1.0006922856E-07     1.5659190882E-01
    1.0106992085E-07     2.0479177916E-01
    1.0207061313E-07     8.3024596767E-02
    1.0307130542E-07    -6.0177702581E-02
    1.0407199770E-07    -6.7976271322E-02
    1.0507268999E-07     2.5062518692E-02
    1.0607338227E-07     6.4674037803E-02
    1.0707407456E-07     5.4544189090E-04
    1.0807476684E-07    -5.7472627493E-02
    1.0907545913E-07    -1.7002163414E-02
    1.1007615142E-07     5.3170164147E-02
    1.1107684370E-07     2.3684527595E-02
    1.1207753599E-07    -9.7995404481E-02
    1.1307822827E-07    -1.6363424258E-01
    1.1407892056E-07    -8.7643885169E-02
    1.1507961284E-07     2.8663015355E-02
    1.1608030513E-07     3.2245452842E-02
    1.1708099741E-07    -7.2792753260E-02
    1.1808168970E-07    -1.3540212375E-01
    1.1908238199E-07    -7.2496454834E-02
    1.2008307427E-07     1.5604188247E-02
    1.2108376656E-07    -5.5407066208E-03
    1.2208445884E-07    -1.0110612649E-01
    1.2308515113E-07    -1.0289539446E-01
    1.2408584341E-07     5.5618017554E-02
    1.2508653570E-07     2.3136311436E-01
    1.2608722798E-07     2.5006664813E-01
    1.2708792027E-07     1.3429522689E-01
    1.2808861256E-07     6.9435071569E-02
    1.2908930484E-07     1.5190513235E-01
    1.3008999713E-07     2.6280801505E-01
    1.3109068941E-07     2.3851568062E-01
    1.3209138170E-07     1.0160966309E-01
    1.3309207398E-07     3.2548657276E-02
    1.3409276627E-07     1.1954553639E-01
    1.3509345856E-07     2.3057359408E-01
    1.3609415084E-07     1.8573410429E-01
    1.3709484313E-07    -2.1634942368E-03
    1.3809553541E-07    -1.4380585849E-01
    1.3909622770E-07    -1.2191283436E-01
    1.4009691998E-07    -3.5742198300E-02
    1.4109761227E-07    -5.3473076584E-02
