    1.3342563808E-09     0.0000000000E+00
    2.6685127616E-09     0.0000000000E+00
    4.0027691424E-09    -3.8160928482E-07
    5.3370255232E-09    -7.7464385439E-05
    6.6712819040E-09    -3.6134499340E-03
    8.0055382848E-09    -3.7542650045E-02
    9.3397946655E-09    -7.0614770256E-02
    1.0674051046E-08     5.5808146947E-02
    1.2008307427E-08     1.2397803355E-01
    1.3342563808E-08    -4.6276645517E-02
    1.4676820189E-08    -9.0224186779E-02
    1.6011076570E-08     7.3614567457E-02
    1.7345332950E-08     5.3727879187E-02
    1.8679589331E-08    -8.5125606469E-02
    2.0013845712E-08    -1.2879994088E-02
    2.1348102093E-08     7.8490916224E-02
    2.2682358473E-08    -2.3165002120E-02
    2.4016614854E-08    -5.7260040414E-02
    2.5350871235E-08     4.6929761894E-02
    2.6685127616E-08     2.8453295489E-02
    2.8019383997E-08    -5.5812697120E-02
    2.9353640377E-08    -8.0390115430E-03
    3.0687896758E-08     2.5235576000E-02
    3.2022153139E-08    -4.4419399437E-02
    3.3356409520E-08    -1.7207855205E-02
    3.4690665901E-08     8.1443070163E-02
    3.6024922281E-08     2.9519362234E-02
    3.7359178662E-08    -7.8301265340E-02
    3.8693435043E-08    -3.7891107725E-02
    4.0027691424E-08     4.6931959768E-02
    4.1361947805E-08     2.9390632496E-02
    4.2696204185E-08    -1.8549363907E-02
    4.4030460566E-08    -1.7882291525E-02
    4.5364716947E-08     1.0250328385E-02
    4.6698973328E-08     2.6664005302E-02
    4.8033229709E-08    -1.0328713879E-02
    4.9367486089E-08    -5.7867046101E-02
    5.0701742470E-08    -1.5516499329E-03
    5.2035998851E-08     8.8448914432E-02
    5.3370255232E-08     3.5856326518E-02
    5.4704511612E-08    -6.7960529436E-02
    5.6038767993E-08    -3.2146442743E-02
    5.7373024374E-08     4.2424071121E-02
    5.8707280755E-08     9.4033750609E-03
    6.0041537136E-08    -2.6784907138E-02
    6.1375793516E-08     3.4460694161E-03
    6.2710049897E-08     1.1587574188E-02
    6.4044306278E-08     8.1108401512E-03
    6.5378562659E-08     2.8144658468E-02
    6.6712819040E-08    -1.1951395187E-02
    6.8047075420E-08    -6.5687678608E-02
    6.9381331801E-08     5.9349612710E-03
    7.0715588182E-08     7.5848776772E-02
    7.2049844563E-08    -1.0756941621E-02
    7.3384100944E-08    -6.8228747539E-02
    7.4718357324E-08     2.2826646067E-02
    7.6052613705E-08     4.8841315808E-02
    7.7386870086E-08    -3.4277310508E-02
    7.8721126467E-08    -2.2086790469E-02
    8.0055382848E-08     3.8930423964E-02
    8.1389639228E-08    -6.6757345784E-03
    8.2723895609E-08    -3.3255450223E-02
    8.4058151990E-08     3.1613370853E-02
    8.5392408371E-08     1.6965054492E-02
    8.6726664752E-08    -4.7607922256E-02
    8.8060921132E-08     6.8944358368E-03
    8.9395177513E-08     5.1197297553E-02
    9.0729433894E-08    -3.2868817705E-02
    9.2063690275E-08    -4.1289657528E-02
    9.3397946655E-08     5.4761510530E-02
    9.4732203036E-08     1.9694204382E-02
    9.6066459417E-08    -6.7204133009E-02
    9.7400715798E-08     9.0182571573E-03
    9.8734972179E-08     6.6775895070E-02
    1.0006922856E-07    -3.8599924832E-02
    1.0140348494E-07    -5.2804248816E-02
    1.0273774132E-07     6.2671422289E-02
    1.0407199770E-07     2.7724813700E-02
    1.0540625408E-07    -7.6081717372E-02
    1.0674051046E-07     3.3775849648E-03
    1.0807476684E-07     7.5889206396E-02
    1.0940902322E-07    -3.4049491922E-02
    1.1074327961E-07    -6.2001991191E-02
    1.1207753599E-07     5.8048975565E-02
    1.1341179237E-07     3.7316696434E-02
    1.1474604875E-07    -7.0672826100E-02
    1.1608030513E-07    -7.0928977730E-03
    1.1741456151E-07     6.9646204028E-02
    1.1874881789E-07    -2.2360133797E-02
    1.2008307427E-07    -5.5584764805E-02
    1.2141733065E-07     4.5188283239E-02
    1.2275158703E-07     3.1898026517E-02
    1.2408584341E-07    -5.7210170192E-02
    1.2542009979E-07    -3.9732338335E-03
    1.2675435618E-07     5.6701184642E-02
    1.2808861256E-07    -2.2169641444E-02
    1.2942286894E-07    -4.4703780119E-02
    1.3075712532E-07     4.1276388546E-02
    1.3209138170E-07     2.4727725000E-02
    1.3342563808E-07    -4.9954432996E-02
    1.3475989446E-07    -1.8301459194E-03
    1.3609415084E-07     4.7312362906E-02
    1.3742840722E-07    -1.8657145058E-02
    1.3876266360E-07    -3.5042228502E-02
    1.4009691998E-07     3.2377335701E-02
    1.4143117636E-07     1.6897498006E-02
    1.4276543274E-07    -3.6886647737E-02
    1.4409968913E-07     2.3125095350E-03
    1.4543394551E-07     3.2101707473E-02
    1.4676820189E-07    -1.7934144228E-02
    1.4810245827E-07    -2.0171077252E-02
    1.4943671465E-07     2.6573696083E-02
    1.5077097103E-07     4.8153541293E-03
    1.5210522741E-07    -2.6835283141E-02
    1.5343948379E-07     9.6821928205E-03
    1.5477374017E-07     1.9531392981E-02
    1.5610799655E-07    -1.9572375167E-02
    1.5744225293E-07    -7.3397651101E-03
    1.5877650931E-07     2.2551830289E-02
    1.6011076570E-07    -5.9813966034E-03
    1.6144502208E-07    -1.8271162812E-02
    1.6277927846E-07     1.6606745877E-02
    1.6411353484E-07     8.3298159595E-03
    1.6544779122E-07    -2.1626164072E-02
    1.6678204760E-07     4.2200708217E-03
    1.6811630398E-07     1.9754321587E-02
    1.6945056036E-07    -1.5719460989E-02
    1.7078481674E-07    -1.1604333261E-02
    1.7211907312E-07     2.2873276788E-02
    1.7345332950E-07    -5.2672741697E-04
    1.7478758588E-07    -2.3600416165E-02
    1.7612184226E-07     1.3291088349E-02
    1.7745609865E-07     1.7554953000E-02
    1.7879035503E-07    -2.3172591264E-02
    1.8012461141E-07    -6.1954117499E-03
    1.8145886779E-07     2.7395715694E-02
    1.8279312417E-07    -7.6047005708E-03
    1.8412738055E-07    -2.4637172689E-02
    1.8546163693E-07     2.0297966986E-02
    1.8679589331E-07     1.5365744305E-02
    1.8813014969E-07    -2.8566741905E-02
    1.8946440607E-07    -1.7306686393E-03
    1.9079866245E-07     3.0162647194E-02
    1.9213291883E-07    -1.2971674095E-02
    1.9346717521E-07    -2.4476204695E-02
    1.9480143160E-07     2.5118548211E-02
    1.9613568798E-07     1.2699834810E-02
    1.9746994436E-07    -3.1662634152E-02
    1.9880420074E-07     2.4548321968E-03
    2.0013845712E-07     3.0891063611E-02
    2.0147271350E-07    -1.7414372631E-02
    2.0280696988E-07    -2.2853908266E-02
    2.0414122626E-07     2.8613083297E-02
    2.0547548264E-07     9.3565323019E-03
    2.0680973902E-07    -3.3361800197E-02
    2.0814399540E-07     6.4779477770E-03
    2.0947825178E-07     3.0500967252E-02
    2.1081250817E-07    -2.0965009747E-02
    2.1214676455E-07    -2.0677722341E-02
    2.1348102093E-07     3.0745743819E-02
    2.1481527731E-07     6.1819126839E-03
    2.1614953369E-07    -3.3585700906E-02
    2.1748379007E-07     9.6156790517E-03
    2.1881804645E-07     2.8894087269E-02
    2.2015230283E-07    -2.3079320527E-02
    2.2148655921E-07    -1.7842388547E-02
    2.2282081559E-07     3.1173921630E-02
    2.2415507197E-07     3.0596064796E-03
    2.2548932835E-07    -3.2169751981E-02
    2.2682358473E-07     1.2013514855E-02
    2.2815784112E-07     2.6019180985E-02
    2.2949209750E-07    -2.3949620208E-02
    2.3082635388E-07    -1.4324461023E-02
    2.3216061026E-07     3.0138078054E-02
    2.3349486664E-07    -8.1807865768E-05
    2.3482912302E-07    -2.9373676686E-02
    2.3616337940E-07     1.3833019946E-02
    2.3749763578E-07     2.2096911369E-02
    2.3883189216E-07    -2.3828738074E-02
    2.4016614854E-07    -1.0238829832E-02
    2.4150040492E-07     2.7947560790E-02
    2.4283466130E-07    -3.2813645510E-03
    2.4416891769E-07    -2.5509869133E-02
    2.4550317407E-07     1.5274456784E-02
    2.4683743045E-07     1.7388554794E-02
    2.4817168683E-07    -2.3038413443E-02
    2.4950594321E-07    -5.7509339241E-03
    2.5084019959E-07     2.4975720765E-02
    2.5217445597E-07    -6.4967604384E-03
    2.5350871235E-07    -2.0929128345E-02
    2.5484296873E-07     1.6424785760E-02
    2.5617722511E-07     1.2166715131E-02
    2.5751148149E-07    -2.1780391226E-02
    2.5884573787E-07    -1.0298654103E-03
    2.6017999425E-07     2.1505030142E-02
    2.6151425064E-07    -9.6649853224E-03
    2.6284850702E-07    -1.5948703140E-02
    2.6418276340E-07     1.7321813717E-02
    2.6551701978E-07     6.7360776108E-03
    2.6685127616E-07    -2.0188855876E-02
    2.6818553254E-07     3.6744930392E-03
    2.6951978892E-07     1.7761843868E-02
    2.7085404530E-07    -1.2621983997E-02
    2.7218830168E-07    -1.0870420601E-02
    2.7352255806E-07     1.7905452039E-02
    2.7485681444E-07     1.4329544251E-03
    2.7619107082E-07    -1.8314692594E-02
    2.7752532720E-07     8.0530833731E-03
    2.7885958359E-07     1.3901205487E-02
    2.8019383997E-07    -1.5153201878E-02
    2.8152809635E-07    -5.9301977481E-03
    2.8286235273E-07     1.8105002240E-02
    2.8419660911E-07    -3.4673876645E-03
    2.8553086549E-07    -1.6241925189E-02
    2.8686512187E-07     1.1849943575E-02
    2.8819937825E-07     1.0131406876E-02
    2.8953363463E-07    -1.7083430212E-02
    2.9086789101E-07    -1.4004793561E-03
    2.9220214739E-07     1.7868898818E-02
    2.9353640377E-07    -7.6965397547E-03
    2.9487066016E-07    -1.4049817828E-02
    2.9620491654E-07     1.4852718281E-02
    2.9753917292E-07     6.6274852802E-03
    2.9887342930E-07    -1.8280930997E-02
    3.0020768568E-07     2.5107529875E-03
    3.0154194206E-07     1.7143876398E-02
    3.0287619844E-07    -1.1075983741E-02
    3.0421045482E-07    -1.1741947583E-02
    3.0554471120E-07     1.6949750691E-02
    3.0687896758E-07     3.4213284136E-03
    3.0821322396E-07    -1.8699666760E-02
    3.0954748034E-07     5.7701136705E-03
    3.1088173672E-07     1.5916464598E-02
    3.1221599311E-07    -1.3590492221E-02
    3.1355024949E-07    -9.2964404077E-03
    3.1488450587E-07     1.8150181958E-02
    3.1621876225E-07     4.5607042997E-04
    3.1755301863E-07    -1.8365910552E-02
    3.1888727501E-07     8.4694863582E-03
    3.2022153139E-07     1.4213469806E-02
    3.2155578777E-07    -1.5345224556E-02
    3.2289004415E-07    -6.7206813185E-03
    3.2422430053E-07     1.8548454904E-02
    3.2555855691E-07    -2.2932951706E-03
    3.2689281329E-07    -1.7351960538E-02
    3.2822706967E-07     1.0666917321E-02
    3.2956132606E-07     1.2089282450E-02
    3.3089558244E-07    -1.6421267565E-02
    3.3222983882E-07    -4.0635776599E-03
    3.3356409520E-07     1.8232746247E-02
    3.3489835158E-07    -4.7779371553E-03
    3.3623260796E-07    -1.5741165808E-02
    3.3756686434E-07     1.2322620343E-02
    3.3890112072E-07     9.6202417000E-03
    3.4023537710E-07    -1.6806273903E-02
    3.4156963348E-07    -1.3971567033E-03
    3.4290388986E-07     1.7235116671E-02
    3.4423814624E-07    -6.9304794258E-03
    3.4557240263E-07    -1.3610842566E-02
    3.4690665901E-07     1.3385338105E-02
    3.4824091539E-07     6.9072629587E-03
    3.4957517177E-07    -1.6486972312E-02
    3.5090942815E-07     1.1901178006E-03
    3.5224368453E-07     1.5597586824E-02
    3.5357794091E-07    -8.7117303341E-03
    3.5491219729E-07    -1.1055645856E-02
    3.5624645367E-07     1.3887192902E-02
    3.5758071005E-07     4.0675092805E-03
    3.5891496643E-07    -1.5564961871E-02
    3.6024922281E-07     3.6104423754E-03
    3.6158347919E-07     1.3469170262E-02
    3.6291773558E-07    -1.0113987560E-02
    3.6425199196E-07    -8.2367389357E-03
    3.6558624834E-07     1.3925619140E-02
    3.6692050472E-07     1.2348365050E-03
    3.6825476110E-07    -1.4228957701E-02
    3.6958901748E-07     5.7899644019E-03
    3.7092327386E-07     1.1080061167E-02
    3.7225753024E-07    -1.1142864256E-02
    3.7359178662E-07    -5.3633784627E-03
    3.7492604300E-07     1.3586136839E-02
    3.7626029938E-07    -1.4490786299E-03
    3.7759455576E-07    -1.2623336561E-02
    3.7892881215E-07     7.6698595882E-03
    3.8026306853E-07     8.5980041221E-03
    3.8159732491E-07    -1.1806084627E-02
    3.8293158129E-07    -2.5868801145E-03
    3.8426583767E-07     1.2911314907E-02
    3.8560009405E-07    -3.8806671770E-03
    3.8693435043E-07    -1.0798672996E-02
    3.8826860681E-07     9.2048564561E-03
    3.8960286319E-07     6.0681007087E-03
    3.9093711957E-07    -1.2106016244E-02
    3.9227137595E-07     5.4289793787E-05
    3.9360563233E-07     1.1927846086E-02
    3.9493988871E-07    -6.0258377503E-03
    3.9627414510E-07    -8.7831702592E-03
    3.9760840148E-07     1.0370423534E-02
    3.9894265786E-07     3.5107684648E-03
    4.0027691424E-07    -1.2040404832E-02
    4.0161117062E-07     2.5438485223E-03
    4.0294542700E-07     1.0668920123E-02
    4.0427968338E-07    -7.8670037169E-03
    4.0561393976E-07    -6.6499924855E-03
    4.0694819614E-07     1.1150955412E-02
    4.0828245252E-07     1.0271291478E-03
    4.0961670890E-07    -1.1613156359E-02
    4.1095096528E-07     4.7775583590E-03
    4.1228522166E-07     9.1814383887E-03
    4.1361947805E-07    -9.3237625166E-03
    4.1495373443E-07    -4.5009190488E-03
    4.1628799081E-07     1.1510328521E-02
    4.1762224719E-07    -1.2373328962E-03
    4.1895650357E-07    -1.0839209613E-02
    4.2029075995E-07     6.6018869762E-03
    4.2162501633E-07     7.5241250987E-03
    4.2295927271E-07    -1.0280813613E-02
    4.2429352909E-07    -2.4215472580E-03
    4.2562778547E-07     1.1403315488E-02
    4.2696204185E-07    -3.1941036766E-03
    4.2829629823E-07    -9.7440640895E-03
    4.2963055462E-07     7.9501315994E-03
    4.3096481100E-07     5.7613921660E-03
    4.3229906738E-07    -1.0711025516E-02
    4.3363332376E-07    -4.6629735998E-04
    4.3496758014E-07     1.0848223183E-02
    4.3630183652E-07    -4.8380313295E-03
    4.3763609290E-07    -8.3800009780E-03
    4.3897034928E-07     8.8785218007E-03
    4.4030460566E-07     3.9521270338E-03
    4.4163886204E-07    -1.0715739641E-02
    4.4297311842E-07     1.3322059154E-03
    4.4430737480E-07     9.9577592063E-03
    4.4564163118E-07    -6.1887806710E-03
    4.4697588757E-07    -6.8395726291E-03
    4.4831014395E-07     9.4645281931E-03
    4.4964440033E-07     2.1530675722E-03
    4.5097865671E-07    -1.0410495275E-02
    4.5231291309E-07     2.9519570833E-03
    4.5364716947E-07     8.8518028534E-03
    4.5498142585E-07    -7.2470190961E-03
    4.5631568223E-07    -5.2159482079E-03
    4.5764993861E-07     9.7197660908E-03
    4.5898419499E-07     4.1768209351E-04
    4.6031845137E-07    -9.8137742707E-03
    4.6165270775E-07     4.3691000008E-03
    4.6298696414E-07     7.5559515673E-03
    4.6432122052E-07    -7.9972213197E-03
    4.6565547690E-07    -3.5417190532E-03
    4.6698973328E-07     9.6203532140E-03
    4.6832398966E-07    -1.2190296673E-03
    4.6965824604E-07    -8.8917534818E-03
    4.7099250242E-07     5.5561139336E-03
    4.7232675880E-07     6.0409739839E-03
    4.7366101518E-07    -8.4283857364E-03
    4.7499527156E-07    -1.8089710241E-03
    4.7632952794E-07     9.1765012946E-03
    4.7766378432E-07    -2.7411482612E-03
    4.7899804070E-07    -7.6757908682E-03
    4.8033229709E-07     6.4911189847E-03
    4.8166655347E-07     4.3531322298E-03
    4.8300080985E-07    -8.5452579279E-03
    4.8433506623E-07    -6.8432035799E-05
    4.8566932261E-07     8.4472697759E-03
    4.8700357899E-07    -4.1071731370E-03
    4.8833783537E-07    -6.2823469673E-03
    4.8967209175E-07     7.1588792878E-03
    4.9100634813E-07     2.6412290904E-03
    4.9234060451E-07    -8.3738257597E-03
    4.9367486089E-07     1.5416873963E-03
    4.9500911727E-07     7.5069489504E-03
    4.9634337365E-07    -5.2294655357E-03
    4.9767763004E-07    -4.8276680595E-03
    4.9901188642E-07     7.5392689506E-03
    5.0034614280E-07     1.0392699378E-03
    5.0168039918E-07    -7.9511022205E-03
    5.0301465556E-07     2.9045832213E-03
    5.0434891194E-07     6.4197294551E-03
    5.0568316832E-07    -6.0392406929E-03
    5.0701742470E-07    -3.3688712528E-03
    5.0835168108E-07     7.6238343050E-03
    5.0968593746E-07    -4.2433611847E-04
    5.1102019384E-07    -7.3136232862E-03
    5.1235445022E-07     4.0246806009E-03
    5.1368870661E-07     5.2316244654E-03
    5.1502296299E-07    -6.5651178831E-03
    5.1635721937E-07    -1.9253388310E-03
    5.1769147575E-07     7.4516613108E-03
    5.1902573213E-07    -1.7766442561E-03
    5.2035998851E-07    -6.5008046056E-03
    5.2169424489E-07     4.9695961573E-03
    5.2302850127E-07     3.9768933199E-03
    5.2436275765E-07    -6.8899472302E-03
    5.2569701403E-07    -5.2189171701E-04
    5.2703127041E-07     7.0947995087E-03
    5.2836552679E-07    -3.0051428989E-03
    5.2969978317E-07    -5.5621342432E-03
    5.3103403956E-07     5.7409980566E-03
    5.3236829594E-07     2.6909418401E-03
    5.3370255232E-07    -7.0297295250E-03
    5.3503680870E-07     7.9928188934E-04
    5.3637106508E-07     6.5804675912E-03
    5.3770532146E-07    -4.0467747815E-03
    5.3903957784E-07    -4.5332168676E-03
    5.4037383422E-07     6.2596750310E-03
    5.4170809060E-07     1.4167916566E-03
    5.4304234698E-07    -6.9111261247E-03
    5.4437660336E-07     1.9883262840E-03
    5.4571085974E-07     5.8678363444E-03
    5.4704511612E-07    -4.8458615334E-03
    5.4837937251E-07    -3.4177238650E-03
    5.4971362889E-07     6.4701723701E-03
    5.5104788527E-07     1.9104936135E-04
    5.5238214165E-07    -6.4913729880E-03
    5.5371639803E-07     3.0044034332E-03
    5.5505065441E-07     4.9391658848E-03
    5.5638491079E-07    -5.3894055381E-03
    5.5771916717E-07    -2.2272997690E-03
    5.5905342355E-07     6.4051008358E-03
    5.6038767993E-07    -9.5690628557E-04
    5.6172193631E-07    -5.8430216273E-03
    5.6305619269E-07     3.8280751746E-03
    5.6439044908E-07     3.8836543610E-03
    5.6572470546E-07    -5.6974252427E-03
    5.6705896184E-07    -1.0384242972E-03
    5.6839321822E-07     6.1390368540E-03
    5.6972747460E-07    -1.9846450288E-03
    5.7106173098E-07    -5.0856465455E-03
    5.7239598736E-07     4.4560527197E-03
    5.7373024374E-07     2.8329313315E-03
    5.7506450012E-07    -5.7986961165E-03
    5.7639875650E-07     4.4007137315E-05
    5.7773301288E-07     5.7195256377E-03
    5.7906726926E-07    -2.8385289860E-03
    5.8040152564E-07    -4.2713289789E-03
    5.8173578203E-07     4.8850099583E-03
    5.8307003841E-07     1.8327607268E-03
    5.8440429479E-07    -5.7142935776E-03
    5.8573855117E-07     9.8865780089E-04
    5.8707280755E-07     5.1582026353E-03
    5.8840706393E-07    -3.5056675409E-03
    5.8974132031E-07    -3.3812562437E-03
    5.9107557669E-07     5.1175497639E-03
    5.9240983307E-07     8.3485212348E-04
    5.9374408945E-07    -5.4541562542E-03
    5.9507834583E-07     1.8535049214E-03
    5.9641260221E-07     4.4611673786E-03
    5.9774685860E-07    -4.0314466736E-03
    5.9908111498E-07    -2.4078976766E-03
    6.0041537136E-07     5.1788311334E-03
    6.0174962774E-07    -1.8370222362E-04
    6.0308388412E-07    -5.0329271642E-03
    6.0441814050E-07     2.6708648634E-03
    6.0575239688E-07     3.6518907317E-03
    6.0708665326E-07    -4.4485754313E-03
    6.0842090964E-07    -1.3984209244E-03
    6.0975516602E-07     5.0965481561E-03
    6.1108942240E-07    -1.1543210144E-03
    6.1242367878E-07    -4.4792490440E-03
    6.1375793516E-07     3.3691566728E-03
    6.1509219155E-07     2.7742030148E-03
    6.1642644793E-07    -4.7068500287E-03
    6.1776070431E-07    -4.2294076052E-04
    6.1909496069E-07     4.8595202869E-03
    6.2042921707E-07    -1.9824708286E-03
    6.2176347345E-07    -3.8208392481E-03
    6.2309772983E-07     3.8493250707E-03
    6.2443198621E-07     1.8783473436E-03
    6.2576624259E-07    -4.7318466596E-03
    6.2710049897E-07     4.6787492843E-04
    6.2843475535E-07     4.4384712302E-03
    6.2976901173E-07    -2.6356188352E-03
    6.3110326811E-07    -3.0732350852E-03
    6.3243752450E-07     4.1045567139E-03
    6.3377178088E-07     1.0003824416E-03
    6.3510603726E-07    -4.5393680754E-03
    6.3644029364E-07     1.2547265804E-03
    6.3777455002E-07     3.8634547898E-03
    6.3910880640E-07    -3.1399011869E-03
    6.4044306278E-07    -2.2686247117E-03
    6.4177731916E-07     4.2113483428E-03
    6.4311157554E-07     1.6172745384E-04
    6.4444583192E-07    -4.2351287028E-03
    6.4578008830E-07     1.9374402568E-03
    6.4711434468E-07     3.2339573022E-03
    6.4844860107E-07    -3.5230829683E-03
    6.4978285745E-07    -1.4727644281E-03
    6.5111711383E-07     4.2236269743E-03
    6.5245137021E-07    -6.1119182619E-04
    6.5378562659E-07    -3.8879370457E-03
    6.5511988297E-07     2.5140266521E-03
    6.5645413935E-07     2.6175233276E-03
    6.5778839573E-07    -3.7834014295E-03
    6.5912265211E-07    -7.3662723536E-04
    6.6045690849E-07     4.1237492289E-03
    6.6179116487E-07    -1.2895234812E-03
    6.6312542125E-07    -3.4652228597E-03
    6.6445967763E-07     2.9689308161E-03
    6.6579393402E-07     1.9799553990E-03
    6.6712819040E-07    -3.9019973951E-03
    6.6846244678E-07    -4.0586889859E-05
    6.6979670316E-07     3.8756583139E-03
    6.7113095954E-07    -1.8716410648E-03
    6.7246521592E-07    -2.9125969089E-03
    6.7379947230E-07     3.2874334871E-03
    6.7513372868E-07     1.2629796017E-03
    6.7646798506E-07    -3.8667660215E-03
    6.7780224144E-07     6.5894109510E-04
    6.7913649782E-07     3.4835218855E-03
    6.8047075420E-07    -2.3775129732E-03
    6.8180501059E-07    -2.2537372584E-03
    6.8313926697E-07     3.4738963675E-03
    6.8447352335E-07     5.0051777333E-04
    6.8580777973E-07    -3.6900499228E-03
    6.8714203611E-07     1.3318652007E-03
    6.8847629249E-07     2.9915174912E-03
    6.8981054887E-07    -2.7928059107E-03
    6.9114480525E-07    -1.5722591865E-03
    6.9247906163E-07     3.5366690801E-03
    6.9381331801E-07    -1.9919029634E-04
    6.9514757439E-07    -3.4030793205E-03
    6.9648183077E-07     1.8778960410E-03
    6.9781608715E-07     2.4495922161E-03
    6.9915034354E-07    -3.0567282223E-03
    7.0048459992E-07    -9.2972938661E-04
    7.0181885630E-07     3.4655271851E-03
    7.0315311268E-07    -7.7432387024E-04
    7.0448736906E-07    -3.0318257065E-03
    7.0582162544E-07     2.2472224431E-03
    7.0715588182E-07     1.8883233476E-03
    7.0849013820E-07    -3.1410785542E-03
    7.0982439458E-07    -3.3119574817E-04
    7.1115865096E-07     3.2568695514E-03
    7.1249290734E-07    -1.2566119918E-03
    7.1382716372E-07    -2.5877575812E-03
    7.1516142010E-07     2.4983107281E-03
    7.1649567649E-07     1.3151855719E-03
    7.1782993287E-07    -3.1085452108E-03
    7.1916418925E-07     2.3958071244E-04
    7.2049844563E-07     2.9561724388E-03
    7.2183270201E-07    -1.6963940562E-03
    7.2316695839E-07    -2.0917594091E-03
    7.2450121477E-07     2.7077772643E-03
    7.2583547115E-07     7.3376013194E-04
    7.2716972753E-07    -3.0402856117E-03
    7.2850398391E-07     7.8305553100E-04
    7.2983824029E-07     2.6274982938E-03
    7.3117249667E-07    -2.0878688775E-03
    7.3250675306E-07    -1.5815730971E-03
    7.3384100944E-07     2.8641281092E-03
    7.3517526582E-07     1.6489304970E-04
    7.3650952220E-07    -2.9279410225E-03
    7.3784377858E-07     1.2738486050E-03
    7.3917803496E-07     2.2737537010E-03
    7.4051229134E-07    -2.3839313381E-03
    7.4184654772E-07    -1.0748171140E-03
    7.4318080410E-07     2.8971989660E-03
    7.4451506048E-07    -3.6243372474E-04
    7.4584931686E-07    -2.6951043943E-03
    7.4718357324E-07     1.6785670836E-03
    7.4851782962E-07     1.8382797851E-03
    7.4985208601E-07    -2.5520594970E-03
    7.5118634239E-07    -5.5077148609E-04
    7.5252059877E-07     2.7793735231E-03
    7.5385485515E-07    -8.3815853370E-04
    7.5518911153E-07    -2.3218908151E-03
    7.5652336791E-07     1.9804797055E-03
    7.5785762429E-07     1.3098811706E-03
    7.5919188067E-07    -2.5991120871E-03
    7.6052613705E-07    -6.1828596703E-06
    7.6186039343E-07     2.5570919661E-03
    7.6319464981E-07    -1.2629653583E-03
    7.6452890619E-07    -1.8866500643E-03
    7.6586316257E-07     2.1890807759E-03
    7.6719741896E-07     7.7376132668E-04
    7.6853167534E-07    -2.5559545995E-03
    7.6986593172E-07     4.9611711383E-04
    7.7120018810E-07     2.2901839724E-03
    7.7253444448E-07    -1.6126365856E-03
    7.7386870086E-07    -1.4737776695E-03
    7.7520295724E-07     2.3147319932E-03
    7.7653721362E-07     3.1963436807E-04
    7.7787147000E-07    -2.4493736543E-03
    7.7920572638E-07     8.8483989852E-04
    7.8053998276E-07     2.0005736269E-03
    7.8187423914E-07    -1.8495542917E-03
    7.8320849553E-07    -1.0881988108E-03
    7.8454275191E-07     2.3510856835E-03
    7.8587700829E-07    -6.2377357257E-05
    7.8721126467E-07    -2.2829796052E-03
    7.8854552105E-07     1.1743793219E-03
    7.8987977743E-07     1.6758563647E-03
    7.9121403381E-07    -1.9828326929E-03
    7.9254829019E-07    -6.8622226937E-04
    7.9388254657E-07     2.2975543972E-03
    7.9521680295E-07    -4.4367525971E-04
    7.9655105933E-07    -2.0487093735E-03
    7.9788531571E-07     1.4423166498E-03
    7.9921957209E-07     1.3039567490E-03
    8.0055382848E-07    -2.0717926948E-03
    8.0188808486E-07    -2.5266006531E-04
    8.0322234124E-07     2.1840454306E-03
    8.0455659762E-07    -8.4215761571E-04
    8.0589085400E-07    -1.7556401714E-03
    8.0722511038E-07     1.7097425362E-03
    8.0855936676E-07     8.9628298063E-04
    8.0989362314E-07    -2.1401098146E-03
    8.1122787952E-07     1.7738052367E-04
    8.1256213590E-07     2.0352454512E-03
    8.1389639228E-07    -1.1955603241E-03
    8.1523064866E-07    -1.4314627132E-03
    8.1656490505E-07     1.9036572822E-03
    8.1789916143E-07     4.8783820782E-04
    8.1923341781E-07    -2.1298225254E-03
    8.2056767419E-07     5.5672472428E-04
    8.2190193057E-07     1.8281162394E-03
    8.2323618695E-07    -1.4431932465E-03
    8.2457044333E-07    -1.0884023550E-03
    8.2590469971E-07     1.9580203487E-03
    8.2723895609E-07     1.0834452876E-04
    8.2857321247E-07    -1.9846322461E-03
    8.2990746885E-07     8.6240274884E-04
    8.3124172523E-07     1.5295254815E-03
    8.3257598161E-07    -1.5873859866E-03
    8.3391023800E-07    -7.1873592042E-04
    8.3524449438E-07     1.9015687169E-03
    8.3657875076E-07    -2.3863946994E-04
    8.3791300714E-07    -1.7457659873E-03
    8.3924726352E-07     1.1041013232E-03
    8.4058151990E-07     1.1749185552E-03
    8.4191577628E-07    -1.6704720472E-03
    8.4325003266E-07    -3.3842909570E-04
    8.4458428904E-07     1.8118905548E-03
    8.4591854542E-07    -5.5850268233E-04
    8.4725280180E-07    -1.5091865353E-03
    8.4858705818E-07     1.3022190548E-03
    8.4992131456E-07     8.4976968068E-04
    8.5125557095E-07    -1.7205212883E-03
    8.5258982733E-07    -4.0414579951E-07
    8.5392408371E-07     1.7193827064E-03
    8.5525834009E-07    -8.3420537892E-04
    8.5659259647E-07    -1.3051071121E-03
    8.5792685285E-07     1.4589619004E-03
    8.5926110923E-07     5.8275113076E-04
    8.6059536561E-07    -1.7314482975E-03
    8.6192962199E-07     2.7010823761E-04
    8.6326387837E-07     1.5916567924E-03
    8.6459813475E-07    -1.0448149188E-03
    8.6593239113E-07    -1.0766026013E-03
    8.6726664752E-07     1.5545841226E-03
    8.6860090390E-07     3.1135375477E-04
    8.6993516028E-07    -1.6793382967E-03
    8.7126941666E-07     5.1721635750E-04
    8.7260367304E-07     1.3946843680E-03
    8.7393792942E-07    -1.2048025970E-03
    8.7527218580E-07    -7.7744607328E-04
    8.7660644218E-07     1.5813977363E-03
    8.7794069856E-07    -1.5777396949E-05
    8.7927495494E-07    -1.5543262336E-03
    8.8060921132E-07     7.8660062712E-04
    8.8194346770E-07     1.1360480604E-03
    8.8327772408E-07    -1.3456088523E-03
    8.8461198047E-07    -4.3937788172E-04
    8.8594623685E-07     1.5579900577E-03
    8.8728049323E-07    -3.5319792925E-04
    8.8861474961E-07    -1.3770098758E-03
    8.8994900599E-07     1.0389873463E-03
    8.9128326237E-07     8.5543978588E-04
    8.9261751875E-07    -1.4507886398E-03
    8.9395177513E-07    -1.2969105202E-04
    8.9528603151E-07     1.4962130165E-03
    8.9662028789E-07    -6.1406250463E-04
    8.9795454427E-07    -1.1785335512E-03
    8.9928880065E-07     1.1909347223E-03
    9.0062305704E-07     5.8887808241E-04
    9.0195731342E-07    -1.4638241404E-03
    9.0329156980E-07     1.2125396502E-04
    9.0462582618E-07     1.3765647301E-03
    9.0596008256E-07    -7.7854154147E-04
    9.0729433894E-07    -9.6585007534E-04
    9.0862859532E-07     1.2304700881E-03
    9.0996285170E-07     3.4379942988E-04
    9.1129710808E-07    -1.3768257411E-03
    9.1263136446E-07     3.3197687750E-04
    9.1396562084E-07     1.1923781002E-03
    9.1529987722E-07    -9.0045842728E-04
    9.1663413360E-07    -7.2915996738E-04
    9.1796838999E-07     1.2339776815E-03
    9.1930264637E-07     1.0324314431E-04
    9.2063690275E-07    -1.2628221152E-03
    9.2197115913E-07     5.3184106951E-04
    9.2330541551E-07     9.8913048634E-04
    9.2463967189E-07    -1.0245131442E-03
    9.2597392827E-07    -4.8127351687E-04
    9.2730818465E-07     1.2581287530E-03
    9.2864244103E-07    -1.3938316495E-04
    9.2997669741E-07    -1.1808525256E-03
    9.3131095379E-07     7.2562384263E-04
    9.3264521017E-07     8.1628512142E-04
    9.3397946655E-07    -1.1367673662E-03
    9.3531372294E-07    -2.5556597432E-04
    9.3664797932E-07     1.2709355845E-03
    9.3798223570E-07    -3.6250721100E-04
    9.3931649208E-07    -1.0946476952E-03
    9.4065074846E-07     8.8846567756E-04
    9.4198500484E-07     6.5100641992E-04
    9.4331926122E-07    -1.1950406993E-03
    9.4465351760E-07    -5.3519015825E-05
    9.4598777398E-07     1.2093347783E-03
    9.4732203036E-07    -5.4461193004E-04
    9.4865628674E-07    -9.3099745343E-04
    9.4999054312E-07     9.9239540622E-04
    9.5132479951E-07     4.3126777881E-04
    9.5265905589E-07    -1.1790243424E-03
    9.5399331227E-07     1.6120800715E-04
    9.5532756865E-07     1.0663777461E-03
    9.5666182503E-07    -6.9628840039E-04
    9.5799608141E-07    -6.9246047719E-04
    9.5933033779E-07     1.0389277255E-03
    9.6066459417E-07     1.6013085573E-04
    9.6199885055E-07    -1.1067182250E-03
    9.6333310693E-07     3.9275919723E-04
    9.6466736331E-07     8.9149486045E-04
    9.6600161969E-07    -8.3160487796E-04
    9.6733587607E-07    -4.5667269695E-04
    9.6867013246E-07     1.0535584816E-03
    9.7000438884E-07    -7.8999137092E-05
    9.7133864522E-07    -1.0138678373E-03
    9.7267290160E-07     5.8012818390E-04
    9.7400715798E-07     7.3014095528E-04
    9.7534141436E-07    -9.2711781233E-04
    9.7667567074E-07    -2.7713943961E-04
    9.7800992712E-07     1.0449277948E-03
    9.7934418350E-07    -2.3196101768E-04
    9.8067843988E-07    -9.1839555569E-04
    9.8201269626E-07     6.7594373203E-04
    9.8334695264E-07     5.8579459285E-04
    9.8468120902E-07    -9.5010008190E-04
    9.8601546541E-07    -1.3109088753E-04
    9.8734972179E-07     9.9512815674E-04
    9.8868397817E-07    -3.4036523088E-04
    9.9001823455E-07    -8.0606193993E-04
    9.9135249093E-07     7.2152009664E-04
    9.9268674731E-07     4.3323397829E-04
    9.9402100369E-07    -9.2446797867E-04
    9.9535526007E-07     2.9761180468E-05
    9.9668951645E-07     9.0299415205E-04
    9.9802377283E-07    -4.7324866021E-04
    9.9935802921E-07    -6.5975247590E-04
    1.0006922856E-06     7.9108956301E-04
    1.0020265420E-06     2.5385126662E-04
    1.0033607984E-06    -9.1007129225E-04
    1.0046950547E-06     2.1509331778E-04
    1.0060293111E-06     8.0290096632E-04
    1.0073635675E-06    -6.2927212968E-04
    1.0086978239E-06    -4.9455471418E-04
    1.0100320803E-06     8.8214267031E-04
    1.0113663366E-06     6.1510315678E-05
    1.0127005930E-06    -9.1184948473E-04
    1.0140348494E-06     3.9112436307E-04
    1.0153691058E-06     7.1202452301E-04
    1.0167033622E-06    -7.4824334070E-04
    1.0180376185E-06    -3.3895147604E-04
    1.0193718749E-06     9.1952858958E-04
    1.0207061313E-06    -1.0937533042E-04
    1.0220403877E-06    -8.6266517768E-04
    1.0233746441E-06     5.2002056895E-04
    1.0247089004E-06     5.9419179289E-04
    1.0260431568E-06    -7.9121014359E-04
    1.0273774132E-06    -1.8994205360E-04
    1.0287116696E-06     8.6373661093E-04
    1.0300459260E-06    -2.4382349219E-04
    1.0313801824E-06    -7.2557584059E-04
    1.0327144387E-06     5.9438377359E-04
    1.0340486951E-06     4.1879836917E-04
    1.0353829515E-06    -7.7847900592E-04
    1.0367172079E-06    -2.4446888712E-05
    1.0380514643E-06     7.6128334316E-04
    1.0393857206E-06    -3.6023750063E-04
    1.0407199770E-06    -5.5757579920E-04
    1.0420542334E-06     6.4014844151E-04
    1.0433884898E-06     2.2928838482E-04
    1.0447227462E-06    -7.5336972272E-04
    1.0460570025E-06     1.4272185528E-04
    1.0473912589E-06     6.7706082007E-04
    1.0487255153E-06    -4.7088816500E-04
    1.0500597717E-06    -4.3672224284E-04
    1.0513940281E-06     6.8308321163E-04
    1.0527282844E-06     9.6281055030E-05
    1.0540625408E-06    -7.3653455717E-04
    1.0553967972E-06     2.6273535794E-04
    1.0567310536E-06     6.1864289141E-04
    1.0580653100E-06    -5.5394383532E-04
    1.0593995663E-06    -3.5940587965E-04
    1.0607338227E-06     7.1510399005E-04
    1.0620680791E-06     1.6488816259E-05
    1.0634023355E-06    -7.1130018165E-04
    1.0647365919E-06     3.2877889116E-04
    1.0660708483E-06     5.4608279358E-04
    1.0674051046E-06    -5.9165455160E-04
    1.0687393610E-06    -2.6019862612E-04
    1.0700736174E-06     7.0913062542E-04
    1.0714078738E-06    -8.2768271337E-05
    1.0727421302E-06    -6.4887484675E-04
    1.0740763865E-06     3.9828191233E-04
    1.0754106429E-06     4.2992017231E-04
    1.0767448993E-06    -6.1128879778E-04
    1.0780791557E-06    -1.0803849730E-04
    1.0794134121E-06     6.6593481364E-04
    1.0807476684E-06    -2.3324793046E-04
    1.0820819248E-06    -5.4527865315E-04
    1.0834161812E-06     5.0546265488E-04
    1.0847504376E-06     2.8224855824E-04
    1.0860846940E-06    -6.4451634509E-04
    1.0874189503E-06     5.7013931179E-05
    1.0887532067E-06     6.1503048590E-04
    1.0900874631E-06    -3.7836032658E-04
    1.0914217195E-06    -4.3125412586E-04
    1.0927559759E-06     5.9901954928E-04
    1.0940902322E-06     1.4121429473E-04
    1.0954244886E-06    -6.6427985418E-04
    1.0967587450E-06     1.8124167258E-04
    1.0980930014E-06     5.6247173071E-04
    1.0994272578E-06    -4.5252726769E-04
    1.1007615142E-06    -3.3186019405E-04
    1.1020957705E-06     6.1097458914E-04
    1.1034300269E-06     3.3493203187E-05
    1.1047642833E-06    -6.1728702015E-04
    1.1060985397E-06     2.5332225410E-04
    1.1074327961E-06     4.7843595866E-04
    1.1087670524E-06    -4.6433342605E-04
    1.1101013088E-06    -2.3468259889E-04
    1.1114355652E-06     5.5714776559E-04
    1.1127698216E-06    -5.1225347946E-05
    1.1141040780E-06    -5.1495869106E-04
    1.1154383343E-06     3.0433696416E-04
    1.1167725907E-06     3.5768344011E-04
    1.1181068471E-06    -4.7119369765E-04
    1.1194411035E-06    -1.1927741760E-04
    1.1207753599E-06     5.1417014774E-04
    1.1221096162E-06    -1.4175727809E-04
    1.1234438726E-06    -4.3201020137E-04
    1.1247781290E-06     3.6620643387E-04
    1.1261123854E-06     2.4873926390E-04
    1.1274466418E-06    -5.0306342781E-04
    1.1287808982E-06    -4.5484366564E-06
    1.1301151545E-06     5.1416512139E-04
    1.1314494109E-06    -2.4098760050E-04
    1.1327836673E-06    -4.0096649919E-04
    1.1341179237E-06     4.3818646015E-04
    1.1354521801E-06     1.8550326985E-04
    1.1367864364E-06    -5.3650348412E-04
    1.1381206928E-06     7.6457075582E-05
    1.1394549492E-06     5.1105116323E-04
    1.1407892056E-06    -3.1954996822E-04
    1.1421234620E-06    -3.6543466417E-04
    1.1434577183E-06     4.8709791001E-04
    1.1447919747E-06     1.2761514345E-04
    1.1461262311E-06    -5.3296665147E-04
    1.1474604875E-06     1.3681252860E-04
    1.1487947439E-06     4.5345179377E-04
    1.1501290002E-06    -3.6412809416E-04
    1.1514632566E-06    -2.6530947086E-04
    1.1527975130E-06     4.8971882056E-04
    1.1541317694E-06     1.8969992914E-05
    1.1554660258E-06    -4.8106434166E-04
    1.1568002821E-06     2.2122732979E-04
    1.1581345385E-06     3.4779867246E-04
    1.1594687949E-06    -3.9944806616E-04
    1.1608030513E-06    -1.2433627563E-04
    1.1621373077E-06     4.6408647197E-04
    1.1634715641E-06    -1.1912120843E-04
    1.1648058204E-06    -4.0719790334E-04
    1.1661400768E-06     3.2442108279E-04
    1.1674743332E-06     2.4168965098E-04
    1.1688085896E-06    -4.4045875678E-04
    1.1701428460E-06    -1.4157645033E-05
    1.1714771023E-06     4.4363163771E-04
    1.1728113587E-06    -2.1085222916E-04
    1.1741456151E-06    -3.4599873775E-04
    1.1754798715E-06     3.8342540639E-04
    1.1768141279E-06     1.6824082887E-04
    1.1781483842E-06    -4.5590505641E-04
    1.1794826406E-06     3.8304016391E-05
