    1.2175089475E-09     0.0000000000E+00
    2.4350178949E-09     0.0000000000E+00
    3.6525268424E-09    -3.9142748800E-07
    4.8700357899E-09    -5.3097736548E-05
    6.0875447374E-09    -2.1311889508E-03
    7.3050536848E-09    -2.5303861460E-02
    8.5225626323E-09    -8.6854620191E-02
    9.7400715798E-09    -5.6135735012E-02
    1.0957580527E-08     1.1929555490E-01
    1.2175089475E-08     1.5201503559E-01
    1.3392598422E-08    -5.3177100845E-02
    1.4610107370E-08    -1.3746832674E-01
    1.5827616317E-08     4.1406673564E-02
    1.7045125265E-08     1.2835345700E-01
    1.8262634212E-08    -3.3487621576E-02
    1.9480143160E-08    -1.1561855144E-01
    2.0697652107E-08     2.9470856913E-02
    2.1915161055E-08     1.0105447011E-01
    2.3132670002E-08    -2.9389151663E-02
    2.4350178949E-08    -8.7926623152E-02
    2.5567687897E-08     2.9177670446E-02
    2.6785196844E-08     6.9573149933E-02
    2.8002705792E-08    -4.8222786492E-02
    2.9220214739E-08    -9.3108472859E-02
    3.0437723687E-08     1.7933434784E-04
    3.1655232634E-08     3.6904277096E-02
    3.2872741582E-08    -1.2256130671E-02
    3.4090250529E-08     1.6674529312E-02
    3.5307759477E-08     8.9125320327E-02
    3.6525268424E-08     2.1805964110E-02
    3.7742777372E-08    -1.1041298370E-01
    3.8960286319E-08    -6.6052848676E-02
    4.0177795267E-08     1.0911589426E-01
    4.1395304214E-08     1.3792439943E-01
    4.2612813162E-08    -1.9554677642E-02
    4.3830322109E-08    -1.2592376804E-01
    4.5047831057E-08    -6.1734080533E-02
    4.6265340004E-08     5.1888927363E-02
    4.7482848951E-08     9.5705600644E-02
    4.8700357899E-08     7.0736572311E-02
    4.9917866846E-08     5.7269679414E-03
    5.1135375794E-08    -7.2716390615E-02
    5.2352884741E-08    -1.0755348525E-01
    5.3570393689E-08    -6.0036966490E-02
    5.4787902636E-08     3.5431318187E-02
    5.6005411584E-08     9.8655917143E-02
    5.7222920531E-08     5.9679237845E-02
    5.8440429479E-08    -6.5163723882E-02
    5.9657938426E-08    -1.2708510911E-01
    6.0875447374E-08    -8.5051144180E-03
    6.2092956321E-08     1.4296802630E-01
    6.3310465269E-08     8.0503488665E-02
    6.4527974216E-08    -1.0937209972E-01
    6.5745483164E-08    -9.5904938640E-02
    6.6962992111E-08     1.0564330074E-01
    6.8180501059E-08     1.1086546290E-01
    6.9398010006E-08    -1.2717379961E-01
    7.0615518953E-08    -1.7019381096E-01
    7.1833027901E-08     1.0776207590E-01
    7.3050536848E-08     2.2635651072E-01
    7.4268045796E-08    -4.9083475700E-02
    7.5485554743E-08    -2.4400271530E-01
    7.6703063691E-08    -1.5436194491E-02
    7.7920572638E-08     2.2343499315E-01
    7.9138081586E-08     6.0299461617E-02
    8.0355590533E-08    -1.8316349679E-01
    8.1573099481E-08    -7.9171226829E-02
    8.2790608428E-08     1.4022243535E-01
    8.4008117376E-08     7.7529866515E-02
    8.5225626323E-08    -1.0250944374E-01
    8.6443135271E-08    -6.1686449676E-02
    8.7660644218E-08     7.2770851387E-02
    8.8878153166E-08     3.5446308491E-02
    9.0095662113E-08    -5.3791617807E-02
    9.1313171060E-08    -3.3345703021E-03
    9.2530680008E-08     4.7617867837E-02
    9.3748188955E-08    -2.8011309993E-02
    9.4965697903E-08    -5.2213981329E-02
    9.6183206850E-08     5.3429212453E-02
    9.7400715798E-08     6.2300673721E-02
    9.8618224745E-08    -7.2378712358E-02
    9.9835733693E-08    -7.4000059988E-02
    1.0105324264E-07     8.6864160914E-02
    1.0227075159E-07     8.7026475244E-02
    1.0348826054E-07    -9.7035674961E-02
    1.0470576948E-07    -1.0172927579E-01
    1.0592327843E-07     1.0051735741E-01
    1.0714078738E-07     1.1543910880E-01
    1.0835829633E-07    -9.6245634547E-02
    1.0957580527E-07    -1.2350799348E-01
    1.1079331422E-07     8.7143242777E-02
    1.1201082317E-07     1.2354172298E-01
    1.1322833212E-07    -7.7965997810E-02
    1.1444584106E-07    -1.1716200312E-01
    1.1566335001E-07     7.1409352237E-02
    1.1688085896E-07     1.0765446365E-01
    1.1809836790E-07    -6.6935133317E-02
    1.1931587685E-07    -9.6673702102E-02
    1.2053338580E-07     6.3091675827E-02
    1.2175089475E-07     8.3767779183E-02
    1.2296840369E-07    -6.0050949786E-02
    1.2418591264E-07    -6.8781377014E-02
    1.2540342159E-07     5.9088493840E-02
    1.2662093054E-07     5.3405057407E-02
    1.2783843948E-07    -6.0257275868E-02
    1.2905594843E-07    -3.9882171948E-02
    1.3027345738E-07     6.1652749220E-02
    1.3149096633E-07     2.8939179298E-02
    1.3270847527E-07    -6.0930852527E-02
    1.3392598422E-07    -1.9395014636E-02
    1.3514349317E-07     5.7096308503E-02
    1.3636100212E-07     9.5182485023E-03
    1.3757851106E-07    -5.0807164476E-02
    1.3879602001E-07     1.5461708296E-03
    1.4001352896E-07     4.3352963860E-02
    1.4123103791E-07    -1.3558563735E-02
    1.4244854685E-07    -3.5721089219E-02
    1.4366605580E-07     2.5802238973E-02
    1.4488356475E-07     2.8505687578E-02
    1.4610107370E-07    -3.7487505374E-02
    1.4731858264E-07    -2.2160475395E-02
    1.4853609159E-07     4.7683340392E-02
    1.4975360054E-07     1.6962848576E-02
    1.5097110949E-07    -5.5268315424E-02
    1.5218861843E-07    -1.2759413369E-02
    1.5340612738E-07     5.9210616372E-02
    1.5462363633E-07     8.9170324614E-03
    1.5584114528E-07    -5.8950025250E-02
    1.5705865422E-07    -4.5999525968E-03
    1.5827616317E-07     5.4542581368E-02
    1.5949367212E-07    -8.8341900488E-04
    1.6071118107E-07    -4.6542300012E-02
    1.6192869001E-07     7.8984816857E-03
    1.6314619896E-07     3.5827527615E-02
    1.6436370791E-07    -1.6438385522E-02
    1.6558121686E-07    -2.3485190728E-02
    1.6679872580E-07     2.6082629718E-02
    1.6801623475E-07     1.0679198837E-02
    1.6923374370E-07    -3.5965062652E-02
    1.7045125265E-07     1.5610333497E-03
    1.7166876159E-07     4.4866060194E-02
    1.7288627054E-07    -1.2542053983E-02
    1.7410377949E-07    -5.1455923076E-02
    1.7532128844E-07     2.1956499395E-02
    1.7653879738E-07     5.4560728421E-02
    1.7775630633E-07    -2.9770353943E-02
    1.7897381528E-07    -5.3311587874E-02
    1.8019132423E-07     3.6072418499E-02
    1.8140883317E-07     4.7175727915E-02
    1.8262634212E-07    -4.0988851534E-02
    1.8384385107E-07    -3.5966635833E-02
    1.8506136002E-07     4.4642877299E-02
    1.8627886896E-07     1.9885125942E-02
    1.8749637791E-07    -4.7083126551E-02
    1.8871388686E-07     4.5880162107E-04
    1.8993139581E-07     4.8169885099E-02
    1.9114890475E-07    -2.4110568462E-02
    1.9236641370E-07    -4.7491238644E-02
    1.9358392265E-07     4.9913082245E-02
    1.9480143160E-07     4.4375981119E-02
    1.9601894054E-07    -7.6650580466E-02
    1.9723644949E-07    -3.7994725590E-02
    1.9845395844E-07     1.0313403732E-01
    1.9967146739E-07     2.7488973096E-02
    2.0088897633E-07    -1.2823132963E-01
    2.0210648528E-07    -1.2085817461E-02
    2.0332399423E-07     1.5087653549E-01
    2.0454150318E-07    -8.8029816689E-03
    2.0575901212E-07    -1.7007444164E-01
    2.0697652107E-07     3.5486938846E-02
    2.0819403002E-07     1.8488956681E-01
    2.0941153897E-07    -6.7917595936E-02
    2.1062904791E-07    -1.9441367385E-01
    2.1184655686E-07     1.0564776844E-01
    2.1306406581E-07     1.9772862449E-01
    2.1428157476E-07    -1.4783937336E-01
    2.1549908370E-07    -1.9389086872E-01
    2.1671659265E-07     1.9330608200E-01
    2.1793410160E-07     1.8195338122E-01
    2.1915161055E-07    -2.4056847310E-01
    2.2036911949E-07    -1.6102194372E-01
    2.2158662844E-07     2.8790903313E-01
    2.2280413739E-07     1.3033507802E-01
    2.2402164634E-07    -3.3342230257E-01
    2.2523915528E-07    -8.9358688300E-02
    2.2645666423E-07     3.7506011492E-01
    2.2767417318E-07     3.7885395448E-02
    2.2889168212E-07    -4.1067167285E-01
    2.3010919107E-07     2.3876642052E-02
    2.3132670002E-07     4.3803938964E-01
    2.3254420897E-07    -9.5238563195E-02
    2.3376171791E-07    -4.5491902494E-01
    2.3497922686E-07     1.7499543684E-01
    2.3619673581E-07     4.5909290105E-01
    2.3741424476E-07    -2.6141946895E-01
    2.3863175370E-07    -4.4844024236E-01
    2.3984926265E-07     3.5227346389E-01
    2.4106677160E-07     4.2102555476E-01
    2.4228428055E-07    -4.4484017008E-01
    2.4350178949E-07    -3.7520499846E-01
    2.4471929844E-07     5.3596582871E-01
    2.4593680739E-07     3.0974931379E-01
