    1.3342563808E-09     0.0000000000E+00
    2.6685127616E-09     0.0000000000E+00
    4.0027691424E-09    -3.8160928482E-07
    5.3370255232E-09    -7.7464385439E-05
    6.6712819040E-09    -3.6134499340E-03
    8.0055382848E-09    -3.7542650045E-02
    9.3397946655E-09    -7.0614770256E-02
    1.0674051046E-08     5.5808146947E-02
    1.2008307427E-08     1.2397803355E-01
    1.3342563808E-08    -4.6276645517E-02
    1.4676820189E-08    -9.0224186779E-02
    1.6011076570E-08     7.3614567457E-02
    1.7345332950E-08     5.3727879187E-02
    1.8679589331E-08    -8.5125606469E-02
    2.0013845712E-08    -1.2879994088E-02
    2.1348102093E-08     7.8490916224E-02
    2.2682358473E-08    -2.3165002120E-02
    2.4016614854E-08    -5.7260040414E-02
    2.5350871235E-08     4.6929761894E-02
    2.6685127616E-08     2.8453295488E-02
    2.8019383997E-08    -5.5812697174E-02
    2.9353640377E-08    -8.0390163664E-03
    3.0687896758E-08     2.5235384736E-02
    3.2022153139E-08    -4.4423083098E-02
    3.3356409520E-08    -1.7245354913E-02
    3.4690665901E-08     8.1229744340E-02
    3.6024922281E-08     2.8816373978E-02
    3.7359178662E-08    -7.9512474222E-02
    3.8693435043E-08    -3.7984986320E-02
    4.0027691424E-08     5.1514124408E-02
    4.1361947805E-08     3.9375560297E-02
    4.2696204185E-08    -1.3005415815E-02
    4.4030460566E-08    -3.3195501706E-02
    4.5364716947E-08    -2.3698575455E-02
    4.6698973328E-08     1.3186762489E-02
    4.8033229709E-08     3.5839848374E-02
    4.9367486089E-08     1.5822801155E-02
    5.0701742470E-08     4.6354306653E-03
    5.2035998851E-08    -5.7784959506E-04
    5.3370255232E-08    -3.4593973833E-02
    5.4704511612E-08    -1.6008151798E-02
    5.6038767993E-08     5.6800298489E-02
    5.7373024374E-08     1.7896813449E-02
    5.8707280755E-08    -8.0669725806E-02
    6.0041537136E-08    -1.4941306135E-02
    6.1375793516E-08     9.0565617929E-02
    6.2710049897E-08     1.7813099839E-03
    6.4044306278E-08    -7.5882758356E-02
    6.5378562659E-08     4.2252135772E-02
    6.6712819040E-08     6.8699094258E-02
    6.8047075420E-08    -8.6499596121E-02
    6.9381331801E-08    -6.8304124578E-02
    7.0715588182E-08     1.0441408036E-01
    7.2049844563E-08     5.2355495815E-02
    7.3384100944E-08    -1.0487796083E-01
    7.4718357324E-08    -2.4952864103E-02
    7.6052613705E-08     9.2078784216E-02
    7.7386870086E-08    -4.6433101212E-03
    7.8721126467E-08    -6.8079768363E-02
    8.0055382848E-08     2.8517265930E-02
    8.1389639228E-08     3.6370576839E-02
    8.2723895609E-08    -4.1236517691E-02
    8.4058151990E-08    -2.2688415063E-03
    8.5392408371E-08     4.0323413379E-02
    8.6726664752E-08    -2.8073494868E-02
    8.8060921132E-08    -2.6414764115E-02
    8.9395177513E-08     4.9147975792E-02
    9.0729433894E-08     3.0647637436E-03
    9.2063690275E-08    -5.7327006443E-02
    9.3397946655E-08     2.4058116080E-02
    9.4732203036E-08     5.1625869069E-02
    9.6066459417E-08    -4.8479458286E-02
    9.7400715798E-08    -3.3889822317E-02
    9.8734972179E-08     6.4398708276E-02
    1.0006922856E-07     8.3249900255E-03
    1.0140348494E-07    -6.8083541199E-02
    1.0273774132E-07     1.9405056924E-02
    1.0407199770E-07     5.8777681952E-02
    1.0540625408E-07    -4.3278221994E-02
    1.0674051046E-07    -3.8751070690E-02
    1.0807476684E-07     5.8160863548E-02
    1.0940902322E-07     1.2586079411E-02
    1.1074327961E-07    -6.0980458758E-02
    1.1207753599E-07     1.3978571479E-02
    1.1341179237E-07     5.1449451938E-02
    1.1474604875E-07    -3.5375686866E-02
    1.1608030513E-07    -3.2132401893E-02
    1.1741456151E-07     4.7403330904E-02
    1.1874881789E-07     7.7999804595E-03
    1.2008307427E-07    -4.8043840462E-02
    1.2141733065E-07     1.5813173174E-02
    1.2275158703E-07     3.7838445790E-02
    1.2408584341E-07    -3.3446209540E-02
    1.2542009979E-07    -1.9738595461E-02
    1.2675435618E-07     4.1510107991E-02
    1.2808861256E-07    -1.6272884050E-03
    1.2942286894E-07    -3.8823942117E-02
    1.3075712532E-07     2.1093077410E-02
    1.3209138170E-07     2.6769663074E-02
    1.3342563808E-07    -3.4179773323E-02
    1.3475989446E-07    -8.8203368017E-03
    1.3609415084E-07     3.8136520079E-02
    1.3742840722E-07    -1.0400896273E-02
    1.3876266360E-07    -3.2556328895E-02
    1.4009691998E-07     2.6247010323E-02
    1.4143117636E-07     1.9373361070E-02
    1.4276543274E-07    -3.5118898597E-02
    1.4409968913E-07    -2.2563538727E-03
    1.4543394551E-07     3.5276997312E-02
    1.4676820189E-07    -1.4376525663E-02
    1.4810245827E-07    -2.7184592687E-02
    1.4943671465E-07     2.6453506226E-02
    1.5077097103E-07     1.3287534479E-02
    1.5210522741E-07    -3.1216864598E-02
    1.5343948379E-07     2.6753371731E-03
    1.5477374017E-07     2.7836068548E-02
    1.5610799655E-07    -1.6629916569E-02
    1.5744225293E-07    -1.7517049880E-02
    1.5877650931E-07     2.5165562619E-02
    1.6011076570E-07     3.1121449927E-03
    1.6144502208E-07    -2.6338532913E-02
    1.6277927846E-07     1.1638331740E-02
    1.6411353484E-07     2.0085870074E-02
    1.6544779122E-07    -2.3036425830E-02
    1.6678204760E-07    -8.1640138947E-03
    1.6811630398E-07     2.8308939343E-02
    1.6945056036E-07    -6.3456532941E-03
    1.7078481674E-07    -2.6241601085E-02
    1.7211907312E-07     1.9815178817E-02
    1.7345332950E-07     1.7418378397E-02
    1.7478758588E-07    -2.8938440196E-02
    1.7612184226E-07    -4.0185055669E-03
    1.7745609865E-07     3.1502948733E-02
    1.7879035503E-07    -1.0744632679E-02
    1.8012461141E-07    -2.6887186851E-02
    1.8145886779E-07     2.3386670242E-02
    1.8279312417E-07     1.6158609849E-02
    1.8412738055E-07    -3.0958426261E-02
    1.8546163693E-07    -1.7770002108E-03
    1.8679589331E-07     3.1719865343E-02
    1.8813014969E-07    -1.2992562688E-02
    1.8946440607E-07    -2.5512873340E-02
    1.9079866245E-07     2.4828187244E-02
    1.9213291883E-07     1.3757445289E-02
    1.9346717521E-07    -3.1105491587E-02
    1.9480143160E-07     8.9807863944E-04
    1.9613568798E-07     3.0481116404E-02
    1.9746994436E-07    -1.5184640047E-02
    1.9880420074E-07    -2.3171432719E-02
    2.0013845712E-07     2.5949015927E-02
    2.0147271350E-07     1.0875145361E-02
    2.0280696988E-07    -3.0860816281E-02
    2.0414122626E-07     3.6266561618E-03
    2.0547548264E-07     2.8928508556E-02
    2.0680973902E-07    -1.7096323795E-02
    2.0814399540E-07    -2.0699300196E-02
    2.0947825178E-07     2.6566454260E-02
    2.1081250817E-07     8.1092409971E-03
    2.1214676455E-07    -3.0012771508E-02
    2.1348102093E-07     5.9610571152E-03
    2.1481527731E-07     2.6800605726E-02
    2.1614953369E-07    -1.8337579943E-02
    2.1748379007E-07    -1.7800683087E-02
    2.1881804645E-07     2.6283877279E-02
    2.2015230283E-07     5.1734780018E-03
    2.2148655921E-07    -2.8127631166E-02
    2.2282081559E-07     8.1300888928E-03
    2.2415507197E-07     2.3623358994E-02
    2.2548932835E-07    -1.9059107843E-02
    2.2682358473E-07    -1.3984063630E-02
    2.2815784112E-07     2.5179440092E-02
    2.2949209750E-07     1.5836291241E-03
    2.3082635388E-07    -2.5232825119E-02
    2.3216061026E-07     1.0611205623E-02
    2.3349486664E-07     1.9407230725E-02
    2.3482912302E-07    -1.9751870441E-02
    2.3616337940E-07    -9.2642086877E-03
    2.3749763578E-07     2.3787986289E-02
    2.3883189216E-07    -2.6519216667E-03
    2.4016614854E-07    -2.1940433594E-02
    2.4150040492E-07     1.3436074469E-02
    2.4283466130E-07     1.4852312414E-02
    2.4416891769E-07    -2.0535943437E-02
    2.4550317407E-07    -4.4028298064E-03
    2.4683743045E-07     2.2367454908E-02
    2.4817168683E-07    -6.7656686721E-03
    2.4950594321E-07    -1.8665607668E-02
    2.5084019959E-07     1.5910822553E-02
    2.5217445597E-07     1.0507961514E-02
    2.5350871235E-07    -2.0871831671E-02
    2.5484296873E-07    -2.4584179123E-05
    2.5617722511E-07     2.0576738592E-02
    2.5751148149E-07    -1.0148123183E-02
    2.5884573787E-07    -1.5262343182E-02
    2.6017999425E-07     1.7535425406E-02
    2.6151425064E-07     6.3778722142E-03
    2.6284850702E-07    -2.0427317395E-02
    2.6418276340E-07     3.8020562143E-03
    2.6551701978E-07     1.8264387883E-02
    2.6685127616E-07    -1.2761316637E-02
    2.6818553254E-07    -1.1728314149E-02
    2.6951978892E-07     1.8369554828E-02
    2.7085404530E-07     2.5330709179E-03
    2.7218830168E-07    -1.9386580682E-02
    2.7352255806E-07     7.0228319544E-03
    2.7485681444E-07     1.5718873185E-02
    2.7619107082E-07    -1.4636356552E-02
    2.7752532720E-07    -8.3901664088E-03
    2.7885958359E-07     1.8561668440E-02
    2.8019383997E-07    -7.4123466210E-04
    2.8152809635E-07    -1.7997943430E-02
    2.8286235273E-07     9.4560586263E-03
    2.8419660911E-07     1.3226175417E-02
    2.8553086549E-07    -1.5724870070E-02
    2.8686512187E-07    -5.4990699389E-03
    2.8819937825E-07     1.8177361158E-02
    2.8953363463E-07    -3.2872489727E-03
    2.9086789101E-07    -1.6379144385E-02
    2.9220214739E-07     1.1068244950E-02
    2.9353640377E-07     1.0885550772E-02
    2.9487066016E-07    -1.6099944265E-02
    2.9620491654E-07    -3.0756574464E-03
    2.9753917292E-07     1.7336316133E-02
    2.9887342930E-07    -5.1969965208E-03
    3.0020768568E-07    -1.4626350753E-02
    3.0154194206E-07     1.2048578422E-02
    3.0287619844E-07     8.7080283796E-03
    3.0421045482E-07    -1.5990882885E-02
    3.0554471120E-07    -1.0120346838E-03
    3.0687896758E-07     1.6239418761E-02
    3.0821322396E-07    -6.6819943361E-03
    3.0954748034E-07    -1.2850291674E-02
    3.1088173672E-07     1.2659432113E-02
    3.1221599311E-07     6.6815320255E-03
    3.1355024949E-07    -1.5645347618E-02
    3.1488450587E-07     8.1316630590E-04
    3.1621876225E-07     1.5056903881E-02
    3.1755301863E-07    -7.9271793638E-03
    3.1888727501E-07    -1.1109745939E-02
    3.2022153139E-07     1.3088314799E-02
    3.2155578777E-07     4.7630832967E-03
    3.2289004415E-07    -1.5190699130E-02
    3.2422430053E-07     2.5061744294E-03
    3.2555855691E-07     1.3822097171E-02
    3.2689281329E-07    -9.0466430551E-03
    3.2822706967E-07    -9.3526399045E-03
    3.2956132606E-07     1.3398931561E-02
    3.3089558244E-07     2.8496694583E-03
    3.3222983882E-07    -1.4611618254E-02
    3.3356409520E-07     4.1711817712E-03
    3.3489835158E-07     1.2451378580E-02
    3.3623260796E-07    -1.0095662901E-02
    3.3756686434E-07    -7.4597794404E-03
    3.3890112072E-07     1.3576687601E-02
    3.4023537710E-07     8.3229529156E-04
    3.4156963348E-07    -1.3836494245E-02
    3.4290388986E-07     5.8643439513E-03
    3.4423814624E-07     1.0848942174E-02
    3.4557240263E-07    -1.1063546485E-02
    3.4690665901E-07    -5.3572541647E-03
    3.4824091539E-07     1.3559589308E-02
    3.4957517177E-07    -1.3023679161E-03
    3.5090942815E-07    -1.2788390434E-02
    3.5224368453E-07     7.5308375919E-03
    3.5357794091E-07     8.9734109862E-03
    3.5491219729E-07    -1.1847797653E-02
    3.5624645367E-07    -3.0763123142E-03
    3.5758071005E-07     1.3239570218E-02
    3.5891496643E-07    -3.4487188567E-03
    3.6024922281E-07    -1.1408962599E-02
    3.6158347919E-07     9.0162732125E-03
    3.6291773558E-07     6.8528546404E-03
    3.6425199196E-07    -1.2292278067E-02
    3.6558624834E-07    -7.3090002102E-04
    3.6692050472E-07     1.2517802289E-02
    3.6825476110E-07    -5.4347529664E-03
    3.6958901748E-07    -9.6955691225E-03
    3.7092327386E-07     1.0141903358E-02
    3.7225753024E-07     4.5831890020E-03
    3.7359178662E-07    -1.2274883247E-02
    3.7492604300E-07     1.5122624369E-03
    3.7626029938E-07     1.1371811656E-02
    3.7759455576E-07    -7.0792724534E-03
    3.7892881215E-07    -7.7327716808E-03
    3.8026306853E-07     1.0779597227E-02
    3.8159732491E-07     2.3290080948E-03
    3.8293158129E-07    -1.1766040632E-02
    3.8426583767E-07     3.4688732078E-03
    3.8560009405E-07     9.8820840010E-03
    3.8693435043E-07    -8.2473135904E-03
    3.8826860681E-07    -5.6862799808E-03
    3.8960286319E-07     1.0889472599E-02
    3.9093711957E-07     2.8029152474E-04
    3.9227137595E-07    -1.0836325962E-02
    3.9360563233E-07     4.9933367720E-03
    3.9493988871E-07     8.2087379994E-03
    3.9627414510E-07    -8.8845675000E-03
    3.9760840148E-07    -3.7461684416E-03
    3.9894265786E-07     1.0528241580E-02
    4.0027691424E-07    -1.4117637426E-03
    4.0161117062E-07    -9.6354987026E-03
    4.0294542700E-07     6.0231467823E-03
    4.0427968338E-07     6.5360554876E-03
    4.0561393976E-07    -9.0400100118E-03
    4.0694819614E-07    -2.0626254370E-03
    4.0828245252E-07     9.8386625771E-03
    4.0961670890E-07    -2.6830571170E-03
    4.1095096528E-07    -8.3432616229E-03
    4.1228522166E-07     6.6046414666E-03
    4.1361947805E-07     5.0150731579E-03
    4.1495373443E-07    -8.8526833907E-03
    4.1628799081E-07    -7.0508446618E-04
    4.1762224719E-07     8.9992665719E-03
    4.1895650357E-07    -3.5726316413E-03
    4.2029075995E-07    -7.1164959103E-03
    4.2162501633E-07     6.8692024134E-03
    4.2295927271E-07     3.7267244304E-03
    4.2429352909E-07    -8.4968026715E-03
    4.2562778547E-07     3.5176509712E-04
    4.2696204185E-07     8.1690736356E-03
    4.2829629823E-07    -4.1975272878E-03
    4.2963055462E-07    -6.0438061046E-03
    4.3096481100E-07     6.9783849800E-03
    4.3229906738E-07     2.6579067174E-03
    4.3363332376E-07    -8.1227383980E-03
    4.3496758014E-07     1.2087729966E-03
    4.3630183652E-07     7.4338352391E-03
    4.3763609290E-07    -4.7020355453E-03
    4.3897034928E-07    -5.1173768393E-03
    4.4030460566E-07     7.0674909341E-03
    4.4163886204E-07     1.7201663586E-03
    4.4297311842E-07    -7.8066224515E-03
    4.4430737480E-07     1.9955679048E-03
    4.4564163118E-07     6.7848164793E-03
    4.4697588757E-07    -5.2073268329E-03
    4.4831014395E-07    -4.2551264258E-03
    4.4964440033E-07     7.2008207916E-03
    4.5097865671E-07     7.9341206493E-04
    4.5231291309E-07    -7.5336066882E-03
    4.5364716947E-07     2.8212051214E-03
    4.5498142585E-07     6.1404571766E-03
    4.5631568223E-07    -5.7638782960E-03
    4.5764993861E-07    -3.3428615876E-03
    4.5898419499E-07     7.3527880381E-03
    4.6031845137E-07    -2.2018428557E-04
    4.6165270775E-07    -7.2177865490E-03
    4.6298696414E-07     3.7218902133E-03
    4.6432122052E-07     5.3887400683E-03
    4.6565547690E-07    -6.3336436010E-03
    4.6698973328E-07    -2.2904411122E-03
    4.6832398966E-07     7.4292031867E-03
    4.6965824604E-07    -1.3464639786E-03
    4.7099250242E-07    -6.7435701757E-03
    4.7232675880E-07     4.6487672737E-03
    4.7366101518E-07     4.4408560833E-03
    4.7499527156E-07    -6.8114791801E-03
    4.7632952794E-07    -1.0769041693E-03
    4.7766378432E-07     7.3059490284E-03
    4.7899804070E-07    -2.5286050458E-03
    4.8033229709E-07    -6.0191322725E-03
    4.8166655347E-07     5.4859410452E-03
    4.8300080985E-07     3.2774286501E-03
    4.8433506623E-07    -7.0641096877E-03
    4.8566932261E-07     2.3609954660E-04
    4.8700357899E-07     6.8872755138E-03
    4.8833783537E-07    -3.6431858110E-03
    4.8967209175E-07    -5.0245912893E-03
    4.9100634813E-07     6.0928947586E-03
    4.9234060451E-07     1.9615694667E-03
    4.9367486089E-07    -6.9909058124E-03
    4.9500911727E-07     1.5207741143E-03
    4.9634337365E-07     6.1500232864E-03
    4.9767763004E-07    -4.5431716779E-03
    4.9901188642E-07    -3.8223398898E-03
    5.0034614280E-07     6.3620512300E-03
    5.0168039918E-07     6.2446410099E-04
    5.0301465556E-07    -6.5632415902E-03
    5.0434891194E-07     2.6238059498E-03
    5.0568316832E-07     5.1552318199E-03
    5.0701742470E-07    -5.1136714336E-03
    5.0835168108E-07    -2.5460381919E-03
    5.0968593746E-07     6.2586603820E-03
    5.1102019384E-07    -5.7662908270E-04
    5.1235445022E-07    -5.8395146471E-03
    5.1368870661E-07     3.4247178610E-03
    5.1502296299E-07     4.0362984072E-03
    5.1635721937E-07    -5.3130445741E-03
    5.1769147575E-07    -1.3538500197E-03
    5.1902573213E-07     5.8357499199E-03
    5.2035998851E-07    -1.5167254073E-03
    5.2169424489E-07    -4.9501941158E-03
    5.2302850127E-07     3.8738411191E-03
    5.2436275765E-07     2.9511673223E-03
    5.2569701403E-07    -5.1871677039E-03
    5.2703127041E-07    -3.7496886760E-04
    5.2836552679E-07     5.2197602407E-03
    5.2969978317E-07    -2.1388349643E-03
    5.3103403956E-07    -4.0522824352E-03
    5.3236829594E-07     4.0101482112E-03
    5.3370255232E-07     2.0313538197E-03
    5.3503680870E-07    -4.8569528301E-03
    5.3637106508E-07     3.2894446650E-04
    5.3770532146E-07     4.5639671020E-03
    5.3903957784E-07    -2.4754061355E-03
    5.4037383422E-07    -3.2765982301E-03
    5.4170809060E-07     3.9462655148E-03
    5.4304234698E-07     1.3410760205E-03
    5.4437660336E-07    -4.4688193537E-03
    5.4571085974E-07     7.8394949348E-04
    5.4704511612E-07     3.9967311723E-03
    5.4837937251E-07    -2.6296680729E-03
    5.4971362889E-07    -2.6885354509E-03
    5.5104788527E-07     3.8209068988E-03
    5.5238214165E-07     8.5866283513E-04
    5.5371639803E-07    -4.1475731249E-03
    5.5505065441E-07     1.0859140993E-03
    5.5638491079E-07     3.5820024909E-03
    5.5771916717E-07    -2.7329437370E-03
    5.5905342355E-07    -2.2672204227E-03
    5.6038767993E-07     3.7530482570E-03
    5.6172193631E-07     4.9305992742E-04
    5.6305619269E-07    -3.9525385396E-03
    5.6439044908E-07     1.3586717072E-03
    5.6572470546E-07     3.2975210119E-03
    5.6705896184E-07    -2.8964312423E-03
    5.6839321822E-07    -1.9250178229E-03
    5.6972747460E-07     3.7961135784E-03
    5.7106173098E-07     1.2676925850E-04
    5.7239598736E-07    -3.8595995252E-03
    5.7373024374E-07     1.7063480769E-03
    5.7506450012E-07     3.0570552292E-03
    5.7639875650E-07    -3.1677314166E-03
    5.7773301288E-07    -1.5473281738E-03
    5.7906726926E-07     3.9228637496E-03
    5.8040152564E-07    -3.3925564795E-04
    5.8173578203E-07    -3.7808786665E-03
    5.8307003841E-07     2.1700723931E-03
    5.8440429479E-07     2.7458588748E-03
    5.8573855117E-07    -3.5145300080E-03
    5.8707280755E-07    -1.0390945487E-03
    5.8840706393E-07     4.0421891687E-03
    5.8974132031E-07    -9.3939620058E-04
    5.9107557669E-07    -3.6006337518E-03
    5.9240983307E-07     2.7123431409E-03
    5.9374408945E-07     2.2715835820E-03
    5.9507834583E-07    -3.8427273162E-03
    5.9641260221E-07    -3.7050379312E-04
    5.9774685860E-07     4.0366809768E-03
    5.9908111498E-07    -1.6323796210E-03
    6.0041537136E-07    -3.2265624354E-03
    6.0174962774E-07     3.2355425499E-03
    6.0308388412E-07     1.6059296700E-03
    6.0441814050E-07    -4.0315273729E-03
    6.0575239688E-07     4.1396520547E-04
    6.0708665326E-07     3.8121245104E-03
    6.0842090964E-07    -2.3155890262E-03
    6.0975516602E-07    -2.6304980272E-03
    6.1108942240E-07     3.6147371760E-03
    6.1242367878E-07     7.9628114658E-04
    6.1375793516E-07    -3.9849788396E-03
    6.1509219155E-07     1.2069378247E-03
    6.1642644793E-07     3.3397108394E-03
    6.1776070431E-07    -2.8608608650E-03
    6.1909496069E-07    -1.8605999038E-03
    6.2042921707E-07     3.7522974133E-03
    6.2176347345E-07    -4.7298947416E-05
    6.2309772983E-07    -3.6716774469E-03
    6.2443198621E-07     1.8773565859E-03
    6.2576624259E-07     2.6657099017E-03
    6.2710049897E-07    -3.1673768900E-03
    6.2843475535E-07    -1.0282554385E-03
    6.2976901173E-07     3.6126661914E-03
    6.3110326811E-07    -7.9034395194E-04
    6.3243752450E-07    -3.1353695308E-03
    6.3377178088E-07     2.3203546778E-03
    6.3510603726E-07     1.9021615039E-03
    6.3644029364E-07    -3.1958455707E-03
    6.3777455002E-07    -2.7017830971E-04
    6.3910880640E-07     3.2373913820E-03
    6.4044306278E-07    -1.3250177546E-03
    6.4177731916E-07    -2.4867681519E-03
    6.4311157554E-07     2.4933741878E-03
    6.4444583192E-07     1.1851221597E-03
    6.4578008830E-07    -2.9846494720E-03
    6.4711434468E-07     3.0380093597E-04
    6.4844860107E-07     2.7334903651E-03
    6.4978285745E-07    -1.6045575313E-03
    6.5111711383E-07    -1.8594986624E-03
    6.5245137021E-07     2.4305814755E-03
    6.5378562659E-07     6.2631253181E-04
    6.5511988297E-07    -2.6367847675E-03
    6.5645413935E-07     6.4259667408E-04
    6.5778839573E-07     2.2319221632E-03
    6.5912265211E-07    -1.6596772735E-03
    6.6045690849E-07    -1.3658204272E-03
    6.6179116487E-07     2.2316763634E-03
    6.6312542125E-07     2.7896685743E-04
    6.6445967763E-07    -2.2796424520E-03
    6.6579393402E-07     7.7454470084E-04
    6.6712819040E-07     1.8427885993E-03
    6.6846244678E-07    -1.5861269356E-03
    6.6979670316E-07    -1.0589216058E-03
    6.7113095954E-07     2.0191866686E-03
    6.7246521592E-07     1.1736077309E-04
    6.7379947230E-07    -2.0199620301E-03
    6.7513372868E-07     7.9048626664E-04
    6.7646798506E-07     1.6184904266E-03
    6.7780224144E-07    -1.5020777558E-03
    6.7913649782E-07    -9.1535648132E-04
    6.8047075420E-07     1.8971914686E-03
    6.8180501059E-07     5.4579363650E-05
    6.8313926697E-07    -1.9082604768E-03
    6.8447352335E-07     8.0573477918E-04
    6.8580777973E-07     1.5355342819E-03
    6.8714203611E-07    -1.5089438461E-03
    6.8847629249E-07    -8.5041421294E-04
    6.8981054887E-07     1.9123476770E-03
    6.9114480525E-07    -2.1887576783E-05
    6.9247906163E-07    -1.9190192363E-03
    6.9381331801E-07     9.1805238443E-04
    6.9514757439E-07     1.5109165159E-03
    6.9648183077E-07    -1.6490702783E-03
    6.9781608715E-07    -7.5482989035E-04
    6.9915034354E-07     2.0372285967E-03
    7.0048459992E-07    -2.0646362298E-04
    7.0181885630E-07    -1.9703011176E-03
    7.0315311268E-07     1.1669041161E-03
    7.0448736906E-07     1.4371507660E-03
    7.0582162544E-07    -1.8933871010E-03
    7.0715588182E-07    -5.3615664216E-04
    7.0849013820E-07     2.1887465633E-03
    7.0982439458E-07    -5.3632066264E-04
    7.1115865096E-07    -1.9541403169E-03
    7.1249290734E-07     1.5207602535E-03
    7.1382716372E-07     1.2236229854E-03
    7.1516142010E-07    -2.1559976851E-03
    7.1649567649E-07    -1.6024301352E-04
    7.1782993287E-07     2.2578083449E-03
    7.1916418925E-07    -9.7754210321E-04
    7.2049844563E-07    -1.7821297064E-03
    7.2183270201E-07     1.8915579524E-03
    7.2316695839E-07     8.3871558812E-04
    7.2450121477E-07    -2.3266699371E-03
    7.2583547115E-07     3.3816931459E-04
    7.2716972753E-07     2.1567652926E-03
    7.2850398391E-07    -1.4407431801E-03
    7.2983824029E-07    -1.4232737670E-03
    7.3117249667E-07     2.1668165729E-03
    7.3250675306E-07     3.1739048769E-04
    7.3384100944E-07    -2.3163178303E-03
    7.3517526582E-07     8.6774509676E-04
    7.3650952220E-07     1.8542917809E-03
    7.3784377858E-07    -1.8105709638E-03
    7.3917803496E-07    -9.1359237440E-04
    7.4051229134E-07     2.2557128860E-03
    7.4184654772E-07    -2.4687028346E-04
    7.4318080410E-07    -2.0931865046E-03
    7.4451506048E-07     1.3117265679E-03
    7.4584931686E-07     1.3871200729E-03
    7.4718357324E-07    -1.9952211322E-03
    7.4851782962E-07    -3.4733492130E-04
    7.4985208601E-07     2.1247033551E-03
    7.5118634239E-07    -7.3738119137E-04
    7.5252059877E-07    -1.6927764815E-03
    7.5385485515E-07     1.5769318898E-03
    7.5518911153E-07     8.4939879592E-04
    7.5652336791E-07    -1.9576031664E-03
    7.5785762429E-07     1.5852774389E-04
    7.5919188067E-07     1.8071409316E-03
    7.6052613705E-07    -1.0590884127E-03
