    1.1674743332E-09     0.0000000000E+00
    2.3349486664E-09     0.0000000000E+00
    3.5024229996E-09    -3.8347261141E-07
    4.6698973328E-09    -4.3661843065E-05
    5.8373716660E-09    -1.6266235420E-03
    7.0048459992E-09    -1.9979321835E-02
    8.1723203324E-09    -8.1205234029E-02
    9.3397946655E-09    -9.4690262994E-02
    1.0507268999E-08     6.0943081787E-02
    1.1674743332E-08     1.9447569695E-01
    1.2842217665E-08     6.0967905156E-02
    1.4009691998E-08    -1.4660807594E-01
    1.5177166332E-08    -8.8456736220E-02
    1.6344640665E-08     1.1778133905E-01
    1.7512114998E-08     1.0548285422E-01
    1.8679589331E-08    -8.7635677842E-02
    1.9847063664E-08    -1.1036469949E-01
    2.1014537997E-08     6.0635152899E-02
    2.2182012331E-08     1.0629587411E-01
    2.3349486664E-08    -4.0218660064E-02
    2.4516960997E-08    -9.8355109362E-02
    2.5684435330E-08     2.6884859186E-02
    2.6851909663E-08     9.2980927144E-02
    2.8019383997E-08    -1.3238638318E-02
    2.9186858330E-08    -8.7632985168E-02
    3.0354332663E-08    -1.0899900349E-02
    3.1521806996E-08     4.8073112281E-02
    3.2689281329E-08    -1.8909009263E-02
    3.3856755663E-08    -5.5261141500E-02
    3.5024229996E-08     4.0677101996E-02
    3.6191704329E-08     1.0156595171E-01
    3.7359178662E-08    -4.0552554430E-03
    3.8526652995E-08    -1.1753144057E-01
    3.9694127329E-08    -5.6925912890E-02
    4.0861601662E-08     7.6746996131E-02
    4.2029075995E-08     8.1665852847E-02
    4.3196550328E-08    -2.1171134118E-02
    4.4364024661E-08    -6.2191914423E-02
    4.5531498995E-08    -5.6063470313E-03
    4.6698973328E-08     3.8495808414E-02
    4.7866447661E-08     1.3672864065E-02
    4.9033921994E-08    -2.9081717089E-02
    5.0201396327E-08    -3.4579928667E-02
    5.1368870661E-08     5.6285741976E-03
    5.2536344994E-08     6.2210020398E-02
    5.3703819327E-08     6.9162180635E-02
    5.4871293660E-08    -1.2405476457E-02
    5.6038767993E-08    -9.8317347207E-02
    5.7206242326E-08    -6.0922297333E-02
    5.8373716660E-08     6.2222085053E-02
    5.9541190993E-08     8.9207495327E-02
    6.0708665326E-08    -2.2516622606E-02
    6.1876139659E-08    -9.1326262813E-02
    6.3043613992E-08    -2.8502049484E-03
    6.4211088326E-08     9.9834134113E-02
    6.5378562659E-08     5.4591722849E-02
    6.6546036992E-08    -6.0348977922E-02
    6.7713511325E-08    -7.5734609958E-02
    6.8880985658E-08    -2.0425052739E-03
    7.0048459992E-08     3.3741669267E-02
    7.1215934325E-08     1.4401419478E-02
    7.2383408658E-08     9.8310155094E-03
    7.3550882991E-08     1.2766659486E-02
    7.4718357324E-08    -2.2217106898E-02
    7.5885831658E-08    -4.5574545613E-02
    7.7053305991E-08     6.6093781742E-03
    7.8220780324E-08     6.2619973059E-02
    7.9388254657E-08     2.0084766709E-02
    8.0555728990E-08    -5.9269956712E-02
    8.1723203324E-08    -4.1832898157E-02
    8.2890677657E-08     4.2608920108E-02
    8.4058151990E-08     5.0804160951E-02
    8.5225626323E-08    -2.3321499923E-02
    8.6393100656E-08    -4.7854906033E-02
    8.7560574990E-08     9.0395825580E-03
    8.8728049323E-08     3.8282733264E-02
    8.9895523656E-08    -2.3675246184E-03
    9.1062997989E-08    -2.7463941946E-02
    9.2230472322E-08     2.4051796747E-03
    9.3397946655E-08     1.9012556335E-02
    9.4565420989E-08    -6.6083846074E-03
    9.5732895322E-08    -1.4423520096E-02
    9.6900369655E-08     1.2182109437E-02
    9.8067843988E-08     1.3248721843E-02
    9.9235318321E-08    -1.7390212030E-02
    1.0040279265E-07    -1.4205369610E-02
    1.0157026699E-07     2.1929323399E-02
    1.0273774132E-07     1.6501153607E-02
    1.0390521565E-07    -2.6065292525E-02
    1.0507268999E-07    -2.0065556842E-02
    1.0624016432E-07     2.9865448703E-02
    1.0740763865E-07     2.5076138946E-02
    1.0857511299E-07    -3.3181303075E-02
    1.0974258732E-07    -3.1837761072E-02
    1.1091006165E-07     3.5587318209E-02
    1.1207753599E-07     4.0752027511E-02
    1.1324501032E-07    -3.6019324596E-02
    1.1441248465E-07    -5.1681808844E-02
    1.1557995899E-07     3.3029817050E-02
    1.1674743332E-07     6.3362311974E-02
    1.1791490765E-07    -2.5813398685E-02
    1.1908238199E-07    -7.3889653097E-02
    1.2024985632E-07     1.4725411753E-02
    1.2141733065E-07     8.1669911122E-02
    1.2258480499E-07    -8.2443165807E-04
    1.2375227932E-07    -8.5656243581E-02
    1.2491975365E-07    -1.4483412819E-02
    1.2608722798E-07     8.5300589950E-02
    1.2725470232E-07     2.9424817764E-02
    1.2842217665E-07    -8.0943904921E-02
    1.2958965098E-07    -4.2345636109E-02
    1.3075712532E-07     7.3931971670E-02
    1.3192459965E-07     5.2535497564E-02
    1.3309207398E-07    -6.5888154417E-02
    1.3425954832E-07    -6.0387869270E-02
    1.3542702265E-07     5.7887507536E-02
    1.3659449698E-07     6.6876248427E-02
    1.3776197132E-07    -5.0158260054E-02
    1.3892944565E-07    -7.2949571113E-02
    1.4009691998E-07     4.2167428330E-02
    1.4126439432E-07     7.9024200218E-02
    1.4243186865E-07    -3.3000761767E-02
    1.4359934298E-07    -8.4684500711E-02
    1.4476681732E-07     2.2006775091E-02
    1.4593429165E-07     8.8875198731E-02
    1.4710176598E-07    -9.3126220512E-03
    1.4826924032E-07    -9.0522267156E-02
    1.4943671465E-07    -4.1799622914E-03
    1.5060418898E-07     8.9118484091E-02
    1.5177166332E-07     1.7259323249E-02
    1.5293913765E-07    -8.4894673209E-02
    1.5410661198E-07    -2.8944167190E-02
    1.5527408631E-07     7.8569682852E-02
    1.5644156065E-07     3.8763179498E-02
    1.5760903498E-07    -7.0941877319E-02
    1.5877650931E-07    -4.6698144666E-02
    1.5994398365E-07     6.2598986290E-02
    1.6111145798E-07     5.2939665216E-02
    1.6227893231E-07    -5.3859098467E-02
    1.6344640665E-07    -5.7659995831E-02
    1.6461388098E-07     4.4881286353E-02
    1.6578135531E-07     6.0918822347E-02
    1.6694882965E-07    -3.5815293306E-02
    1.6811630398E-07    -6.2699912847E-02
    1.6928377831E-07     2.6891318823E-02
    1.7045125265E-07     6.3011038762E-02
    1.7161872698E-07    -1.8416314710E-02
    1.7278620131E-07    -6.1970603546E-02
    1.7395367565E-07     1.0699258539E-02
    1.7512114998E-07     5.9830288815E-02
    1.7628862431E-07    -3.9606535576E-03
    1.7745609865E-07    -5.6928512288E-02
    1.7862357298E-07    -1.7208942807E-03
    1.7979104731E-07     5.3609348771E-02
    1.8095852164E-07     6.4052238356E-03
    1.8212599598E-07    -5.0149951430E-02
    1.8329347031E-07    -1.0243592352E-02
    1.8446094464E-07     4.6722218398E-02
    1.8562841898E-07     1.3413879969E-02
    1.8679589331E-07    -4.3395444601E-02
    1.8796336764E-07    -1.6063589150E-02
    1.8913084198E-07     4.0172543229E-02
    1.9029831631E-07     1.8281148811E-02
    1.9146579064E-07    -3.7039563922E-02
    1.9263326498E-07    -2.0102256815E-02
    1.9380073931E-07     3.4004052096E-02
    1.9496821364E-07     2.1540237628E-02
    1.9613568798E-07    -3.1107801981E-02
    1.9730316231E-07    -2.2620984131E-02
    1.9847063664E-07     2.8414169838E-02
    1.9963811098E-07     2.3406133176E-02
    2.0080558531E-07    -2.5979440740E-02
    2.0197305964E-07    -2.3995201895E-02
    2.0314053398E-07     2.3822116814E-02
    2.0430800831E-07     2.4505361948E-02
    2.0547548264E-07    -2.1905146416E-02
    2.0664295698E-07    -2.5037020347E-02
    2.0781043131E-07     2.0141661051E-02
    2.0897790564E-07     2.5641420639E-02
    2.1014537997E-07    -1.8423692187E-02
    2.1131285431E-07    -2.6306948367E-02
    2.1248032864E-07     1.6660864092E-02
    2.1364780297E-07     2.6971446584E-02
    2.1481527731E-07    -1.4810620836E-02
    2.1598275164E-07    -2.7554277474E-02
    2.1715022597E-07     1.2886492193E-02
    2.1831770031E-07     2.7992478590E-02
    2.1948517464E-07    -1.0942332708E-02
    2.2065264897E-07    -2.8264374883E-02
    2.2182012331E-07     9.0423098688E-03
    2.2298759764E-07     2.8391518891E-02
    2.2415507197E-07    -7.2327037438E-03
    2.2532254631E-07    -2.8422123609E-02
    2.2649002064E-07     5.5281290887E-03
    2.2765749497E-07     2.8408171595E-02
    2.2882496931E-07    -3.9144861452E-03
    2.2999244364E-07    -2.8388466188E-02
    2.3115991797E-07     2.3619230262E-03
    2.3232739231E-07     2.8383350675E-02
    2.3349486664E-07    -8.3810873674E-04
    2.3466234097E-07    -2.8399146282E-02
    2.3582981531E-07    -6.8506331840E-04
    2.3699728964E-07     2.8435613814E-02
    2.3816476397E-07     2.2321296518E-03
    2.3933223830E-07    -2.8490310241E-02
    2.4049971264E-07    -3.8280795280E-03
    2.4166718697E-07     2.8557967577E-02
    2.4283466130E-07     5.5013015707E-03
    2.4400213564E-07    -2.8626515015E-02
    2.4516960997E-07    -7.2830124940E-03
    2.4633708430E-07     2.8672658755E-02
    2.4750455864E-07     9.2029057949E-03
    2.4867203297E-07    -2.8659931020E-02
    2.4983950730E-07    -1.1282889513E-02
    2.5100698164E-07     2.8540589204E-02
    2.5217445597E-07     1.3531709634E-02
    2.5334193030E-07    -2.8260536300E-02
    2.5450940464E-07    -1.5942285284E-02
    2.5567687897E-07     2.7765429521E-02
    2.5684435330E-07     1.8492302913E-02
    2.5801182764E-07    -2.7005971089E-02
    2.5917930197E-07    -2.1147462930E-02
    2.6034677630E-07     2.5940594949E-02
    2.6151425064E-07     2.3865321738E-02
    2.6268172497E-07    -2.4535374349E-02
    2.6384919930E-07    -2.6597512988E-02
    2.6501667363E-07     2.2762867434E-02
    2.6618414797E-07     2.9289765265E-02
    2.6735162230E-07    -2.0601836161E-02
    2.6851909663E-07    -3.1880599413E-02
    2.6968657097E-07     1.8038985141E-02
    2.7085404530E-07     3.4300336579E-02
    2.7202151963E-07    -1.5072769637E-02
    2.7318899397E-07    -3.6472276173E-02
    2.7435646830E-07     1.1717743298E-02
    2.7552394263E-07     3.8316684263E-02
    2.7669141697E-07    -8.0073751686E-03
    2.7785889130E-07    -3.9756487974E-02
    2.7902636563E-07     3.9944332489E-03
    2.8019383997E-07     4.0723257173E-02
    2.8136131430E-07     2.5099508290E-04
    2.8252878863E-07    -4.1162428236E-02
    2.8369626297E-07    -4.6454389792E-03
    2.8486373730E-07     4.1036868329E-02
    2.8603121163E-07     9.0969816207E-03
    2.8719868597E-07    -4.0328551821E-02
    2.8836616030E-07    -1.3510270102E-02
    2.8953363463E-07     3.9038710902E-02
    2.9070110897E-07     1.7791242011E-02
    2.9186858330E-07    -3.7186581200E-02
    2.9303605763E-07    -2.1851060209E-02
    2.9420353196E-07     3.4807087254E-02
    2.9537100630E-07     2.5608711666E-02
    2.9653848063E-07    -3.1948437771E-02
    2.9770595496E-07    -2.8992631943E-02
    2.9887342930E-07     2.8670157357E-02
    3.0004090363E-07     3.1942082880E-02
    3.0120837796E-07    -2.5041344876E-02
    3.0237585230E-07    -3.4408605164E-02
    3.0354332663E-07     2.1138837086E-02
