    1.2508653570E-09     0.0000000000E+00
    2.5017307140E-09     0.0000000000E+00
    3.7525960710E-09    -3.9304545174E-07
    5.0034614280E-09    -5.6502943381E-06
    6.2543267850E-09    -5.8573467169E-05
    7.5051921420E-09    -4.4005646988E-04
    8.7560574990E-09    -2.3709559847E-03
    1.0006922856E-08    -9.0674745995E-03
    1.1257788213E-08    -2.4101964415E-02
    1.2508653570E-08    -4.2361605473E-02
    1.3759518927E-08    -4.2213050064E-02
    1.5010384284E-08    -5.2080522827E-03
    1.6261249641E-08     4.5167034458E-02
    1.7512114998E-08     5.6410019680E-02
    1.8762980355E-08     2.1368587411E-02
    2.0013845712E-08    -6.1486854500E-03
    2.1264711069E-08     2.8287338774E-03
    2.2515576426E-08     1.2859715704E-02
    2.3766441783E-08    -8.0606484252E-04
    2.5017307140E-08    -1.0395653052E-02
    2.6268172497E-08     1.0337234690E-03
    2.7519037854E-08     7.4738853099E-03
    2.8769903211E-08    -3.4178797817E-03
    3.0020768568E-08    -9.4879078930E-03
    3.1271633925E-08    -5.5337120297E-03
    3.2522499282E-08    -1.2988730801E-02
    3.3773364639E-08    -3.1559426165E-02
    3.5024229996E-08    -3.6007965699E-02
    3.6275095353E-08    -1.9250900591E-02
    3.7525960710E-08     4.8303770625E-03
    3.8776826067E-08     2.7230453223E-02
    4.0027691424E-08     3.7731515070E-02
    4.1278556781E-08     2.0705063339E-02
    4.2529422138E-08    -1.1147268773E-02
    4.3780287495E-08    -1.4636942210E-02
    4.5031152852E-08     2.1032494102E-02
    4.6282018209E-08     4.7416867312E-02
    4.7532883566E-08     2.4309956485E-02
    4.8783748923E-08    -2.0850713623E-02
    5.0034614280E-08    -3.1879041309E-02
    5.1285479637E-08     3.7628050671E-03
    5.2536344994E-08     4.6962543317E-02
    5.3787210351E-08     5.4697683990E-02
    5.5038075708E-08     1.8436901005E-02
    5.6288941065E-08    -3.4043659990E-02
    5.7539806422E-08    -6.2631585685E-02
    5.8790671779E-08    -4.6277953599E-02
    6.0041537136E-08    -1.5058423440E-03
    6.1292402493E-08     2.8895444095E-02
    6.2543267850E-08     1.5927557123E-02
    6.3794133207E-08    -2.0071970701E-02
    6.5044998564E-08    -2.8370290209E-02
    6.6295863921E-08     4.8806130524E-03
    6.7546729278E-08     3.3414764865E-02
    6.8797594635E-08     2.0457412277E-02
    7.0048459992E-08    -4.4436251781E-03
    7.1299325349E-08    -2.1331725783E-03
    7.2550190706E-08     5.3555834587E-03
    7.3801056063E-08    -1.5246589642E-02
    7.5051921420E-08    -3.1802903900E-02
    7.6302786777E-08    -2.0690011702E-03
    7.7553652134E-08     3.5041099392E-02
    7.8804517491E-08     1.7620795752E-02
    8.0055382848E-08    -2.6011241405E-02
    8.1306248205E-08    -2.3349889571E-02
    8.2557113562E-08     1.5470758939E-02
    8.3807978919E-08     2.1814772649E-02
    8.5058844276E-08    -7.9577035089E-03
    8.6309709633E-08    -1.7278159525E-02
    8.7560574990E-08     3.6889997783E-03
    8.8811440347E-08     1.2513112832E-02
    9.0062305704E-08    -1.0006633869E-03
    9.1313171060E-08    -7.8463749572E-03
    9.2564036417E-08    -9.5275872800E-04
    9.3814901774E-08     2.8128607482E-03
    9.5065767131E-08     1.7258855485E-03
    9.6316632488E-08     2.1251112382E-03
    9.7567497845E-08    -1.0456963531E-03
    9.8818363202E-08    -5.8268134534E-03
    1.0006922856E-07    -2.0177911355E-04
    1.0132009392E-07     7.9100482078E-03
    1.0257095927E-07     7.5834493420E-04
    1.0382182463E-07    -9.2562942072E-03
    1.0507268999E-07    -4.0086828186E-04
    1.0632355534E-07     1.0883526682E-02
    1.0757442070E-07     7.2549085403E-05
    1.0882528606E-07    -1.2663139749E-02
    1.1007615142E-07    -5.6444577234E-04
    1.1132701677E-07     1.3529599534E-02
    1.1257788213E-07     1.4420878582E-03
    1.1382874749E-07    -1.2912816398E-02
    1.1507961284E-07    -1.6440555983E-03
    1.1633047820E-07     1.1403384356E-02
    1.1758134356E-07     7.5202831777E-04
    1.1883220891E-07    -9.9909106969E-03
    1.2008307427E-07     6.9208476831E-04
    1.2133393963E-07     9.1019687121E-03
    1.2258480499E-07    -1.8180215520E-03
    1.2383567034E-07    -8.3126375449E-03
    1.2508653570E-07     2.3201410175E-03
    1.2633740106E-07     6.9793300721E-03
    1.2758826641E-07    -2.6790313098E-03
    1.2883913177E-07    -5.1154726546E-03
    1.3008999713E-07     3.3816449285E-03
    1.3134086248E-07     3.3279875732E-03
    1.3259172784E-07    -4.2891361204E-03
    1.3384259320E-07    -2.0767272837E-03
    1.3509345856E-07     4.8781856145E-03
    1.3634432391E-07     1.3107421849E-03
    1.3759518927E-07    -4.7793329615E-03
    1.3884605463E-07    -6.6886472302E-04
    1.4009691998E-07     4.0340917563E-03
    1.4134778534E-07    -1.2315977534E-04
    1.4259865070E-07    -2.9500720319E-03
    1.4384951605E-07     1.0473147416E-03
    1.4510038141E-07     1.7798292361E-03
    1.4635124677E-07    -1.9337569507E-03
    1.4760211213E-07    -6.0060102175E-04
    1.4885297748E-07     2.6821679747E-03
    1.5010384284E-07    -5.5981325428E-04
    1.5135470820E-07    -3.2902346319E-03
    1.5260557355E-07     1.6100563098E-03
    1.5385643891E-07     3.7520255458E-03
    1.5510730427E-07    -2.4249043191E-03
    1.5635816962E-07    -4.0073075957E-03
    1.5760903498E-07     2.9276072732E-03
    1.5885990034E-07     3.9837067803E-03
    1.6011076570E-07    -3.1158505229E-03
    1.6136163105E-07    -3.6536811614E-03
    1.6261249641E-07     3.0271083260E-03
    1.6386336177E-07     3.0424703434E-03
    1.6511422712E-07    -2.7049908564E-03
    1.6636509248E-07    -2.2007900704E-03
    1.6761595784E-07     2.2005989935E-03
    1.6886682319E-07     1.1892288223E-03
    1.7011768855E-07    -1.5857632970E-03
    1.7136855391E-07    -8.7285871957E-05
    1.7261941927E-07     9.4450217161E-04
    1.7387028462E-07    -1.0006627467E-03
    1.7512114998E-07    -3.4536525598E-04
    1.7637201534E-07     1.9654914073E-03
    1.7762288069E-07    -1.7497952627E-04
    1.7887374605E-07    -2.7270738283E-03
    1.8012461141E-07     6.0051631031E-04
    1.8137547676E-07     3.2512972612E-03
    1.8262634212E-07    -9.1377946536E-04
    1.8387720748E-07    -3.5396388731E-03
    1.8512807283E-07     1.0895638068E-03
    1.8637893819E-07     3.6097404039E-03
    1.8762980355E-07    -1.1092936366E-03
    1.8888066891E-07    -3.4890031360E-03
    1.9013153426E-07     9.7759819769E-04
    1.9138239962E-07     3.2222476829E-03
    1.9263326498E-07    -7.2388335316E-04
    1.9388413033E-07    -2.8773240712E-03
    1.9513499569E-07     3.9046462467E-04
    1.9638586105E-07     2.5364841694E-03
    1.9763672640E-07    -2.1595361248E-05
    1.9888759176E-07    -2.2776806304E-03
    2.0013845712E-07    -3.3752664841E-04
    2.0138932248E-07     2.1587809880E-03
    2.0264018783E-07     6.3607076969E-04
    2.0389105319E-07    -2.2116446017E-03
    2.0514191855E-07    -8.1682873749E-04
    2.0639278390E-07     2.4423431255E-03
    2.0764364926E-07     8.2278961318E-04
    2.0889451462E-07    -2.8310532822E-03
    2.1014537997E-07    -6.0665985745E-04
    2.1139624533E-07     3.3303231220E-03
    2.1264711069E-07     1.3787331569E-04
    2.1389797605E-07    -3.8654952299E-03
    2.1514884140E-07     5.9393306837E-04
    2.1639970676E-07     4.3405542836E-03
    2.1765057212E-07    -1.5766600407E-03
    2.1890143747E-07    -4.6488524459E-03
    2.2015230283E-07     2.7730699268E-03
    2.2140316819E-07     4.6857134721E-03
    2.2265403354E-07    -4.1187209734E-03
    2.2390489890E-07    -4.3607311514E-03
    2.2515576426E-07     5.5224352748E-03
    2.2640662962E-07     3.6091576398E-03
    2.2765749497E-07    -6.8701580421E-03
    2.2890836033E-07    -2.4021254200E-03
    2.3015922569E-07     8.0317414874E-03
    2.3141009104E-07     7.5454125325E-04
    2.3266095640E-07    -8.8701783885E-03
    2.3391182176E-07     1.2707837624E-03
    2.3516268711E-07     9.2531431469E-03
    2.3641355247E-07    -3.5635961852E-03
    2.3766441783E-07    -9.0665507848E-03
    2.3891528319E-07     5.9710944595E-03
    2.4016614854E-07     8.2288514977E-03
    2.4141701390E-07    -8.3069101799E-03
    2.4266787926E-07    -6.7042080099E-03
    2.4391874461E-07     1.0363902145E-02
    2.4516960997E-07     4.5127523117E-03
    2.4642047533E-07    -1.1930478325E-02
    2.4767134068E-07    -1.7368169520E-03
    2.4892220604E-07     1.2809421223E-02
    2.5017307140E-07    -1.4776971525E-03
    2.5142393676E-07    -1.2837610666E-02
    2.5267480211E-07     4.9255189086E-03
    2.5392566747E-07     1.1904697219E-02
    2.5517653283E-07    -8.3524828673E-03
    2.5642739818E-07    -9.9691243565E-03
    2.5767826354E-07     1.1472287394E-02
    2.5892912890E-07     7.0700235756E-03
    2.6017999425E-07    -1.3988730688E-02
    2.6143085961E-07    -3.3336841887E-03
    2.6268172497E-07     1.5621625694E-02
    2.6393259033E-07    -1.0268244453E-03
    2.6518345568E-07    -1.6134249154E-02
    2.6643432104E-07     5.7198338006E-03
    2.6768518640E-07     1.5359850370E-02
    2.6893605175E-07    -1.0391453106E-02
    2.7018691711E-07    -1.3224856989E-02
    2.7143778247E-07     1.4649479747E-02
    2.7268864782E-07     9.7662813428E-03
    2.7393951318E-07    -1.8093553104E-02
    2.7519037854E-07    -5.1411998602E-03
    2.7644124390E-07     2.0349460127E-02
    2.7769210925E-07    -3.7355693535E-04
    2.7894297461E-07    -2.1105165364E-02
    2.8019383997E-07     6.3924964600E-03
    2.8144470532E-07     2.0145475329E-02
    2.8269557068E-07    -1.2443705270E-02
    2.8394643604E-07    -1.7382113106E-02
    2.8519730139E-07     1.8001454021E-02
    2.8644816675E-07     1.2875717584E-02
    2.8769903211E-07    -2.2527555280E-02
    2.8894989747E-07    -6.8468772710E-03
    2.9020076282E-07     2.5518564258E-02
    2.9145162818E-07    -3.2616437916E-04
    2.9270249354E-07    -2.6555213250E-02
    2.9395335889E-07     8.1241917081E-03
    2.9520422425E-07     2.5349574485E-02
    2.9645508961E-07    -1.5918193744E-02
    2.9770595496E-07    -2.1785492650E-02
    2.9895682032E-07     2.3013635529E-02
    3.0020768568E-07     1.5947732704E-02
    3.0145855104E-07    -2.8705526099E-02
    3.0270941639E-07    -8.1361167131E-03
    3.0396028175E-07     3.2340547479E-02
    3.0521114711E-07    -1.1384878606E-03
    3.0646201246E-07    -3.3381776871E-02
    3.0771287782E-07     1.1177871947E-02
    3.0896374318E-07     3.1470321068E-02
    3.1021460853E-07    -2.1140130807E-02
    3.1146547389E-07    -2.6477955888E-02
    3.1271633925E-07     3.0101217414E-02
    3.1396720461E-07     1.8544496354E-02
    3.1521806996E-07    -3.7130766909E-02
    3.1646893532E-07    -8.0947381102E-03
    3.1771980068E-07     4.1376463037E-02
    3.1897066603E-07    -4.1691760386E-03
    3.2022153139E-07    -4.2150367746E-02
    3.2147239675E-07     1.7301720283E-02
    3.2272326210E-07     3.9009497939E-02
    3.2397412746E-07    -3.0174186535E-02
    3.2522499282E-07    -3.1823242902E-02
    3.2647585818E-07     4.1558238790E-02
    3.2772672353E-07     2.0820011278E-02
    3.2897758889E-07    -5.0228092622E-02
    3.3022845425E-07    -6.6067369571E-03
    3.3147931960E-07     5.5073803257E-02
    3.3273018496E-07    -9.8441744664E-03
    3.3398105032E-07    -5.5216765334E-02
    3.3523191567E-07     2.7243101947E-02
    3.3648278103E-07     5.0116623795E-02
    3.3773364639E-07    -4.4066858101E-02
    3.3898451175E-07    -3.9658897131E-02
    3.4023537710E-07     5.8673624737E-02
    3.4148624246E-07     2.4212809260E-02
