    1.1007615142E-09     0.0000000000E+00
    2.2015230283E-09     0.0000000000E+00
    3.3022845425E-09    -3.6427527932E-07
    4.4030460566E-09    -3.2780755854E-05
    5.5038075708E-09    -1.0954334825E-03
    6.6045690849E-09    -1.3801169191E-02
    7.7053305991E-09    -6.6909075365E-02
    8.8060921132E-09    -1.2254795954E-01
    9.9068536274E-09    -3.5663146900E-02
    1.1007615142E-08     1.6478292130E-01
    1.2108376656E-08     2.0294999061E-01
    1.3209138170E-08    -1.3302493438E-02
    1.4309899684E-08    -1.8536898461E-01
    1.5410661198E-08    -6.5641046045E-02
    1.6511422712E-08     1.4711560640E-01
    1.7612184226E-08     1.2055230513E-01
    1.8712945741E-08    -8.8572654649E-02
    1.9813707255E-08    -1.4346026154E-01
    2.0914468769E-08     2.7752479424E-02
    2.2015230283E-08     1.3820138083E-01
    2.3115991797E-08     2.1383833140E-02
    2.4216753311E-08    -1.1626222563E-01
    2.5317514826E-08    -5.4215549752E-02
    2.6418276340E-08     9.0594452535E-02
    2.7519037854E-08     7.9636964886E-02
    2.8619799368E-08    -5.6817069178E-02
    2.9720560882E-08    -9.5140181588E-02
    3.0821322396E-08     4.3741303136E-03
    3.1922083910E-08     5.6641625084E-02
    3.3022845425E-08    -1.6396948032E-02
    3.4123606939E-08    -6.1429806930E-02
    3.5224368453E-08     2.5809197783E-02
    3.6325129967E-08     1.0785869209E-01
    3.7425891481E-08     3.0947284280E-02
    3.8526652995E-08    -1.0949916758E-01
    3.9627414510E-08    -1.0563359819E-01
    4.0728176024E-08     4.2413883360E-02
    4.1828937538E-08     1.2818443890E-01
    4.2929699052E-08     4.4693237466E-02
    4.4030460566E-08    -8.0714094641E-02
    4.5131222080E-08    -9.2013923657E-02
    4.6231983594E-08    -5.9847516897E-03
    4.7332745109E-08     6.0308091025E-02
    4.8433506623E-08     6.0350190094E-02
    4.9534268137E-08     3.0281733113E-02
    5.0635029651E-08    -2.9652241250E-03
    5.1735791165E-08    -3.5911226467E-02
    5.2836552679E-08    -4.5595625126E-02
    5.3937314194E-08    -1.2049746986E-02
    5.5038075708E-08     3.0990213816E-02
    5.6138837222E-08     3.1846018308E-02
    5.7239598736E-08    -3.0750761337E-03
    5.8340360250E-08    -2.4629790683E-02
    5.9441121764E-08    -1.8681543103E-02
    6.0541883278E-08    -9.4553067554E-03
    6.1642644793E-08     1.5123135018E-03
    6.2743406307E-08     3.0541358263E-02
    6.3844167821E-08     5.1100275490E-02
    6.4944929335E-08     1.7389980315E-02
    6.6045690849E-08    -4.2522306889E-02
    6.7146452363E-08    -4.4644338760E-02
    6.8247213878E-08     1.3858017102E-02
    6.9347975392E-08     3.2131301694E-02
    7.0448736906E-08    -2.8143074711E-02
    7.1549498420E-08    -5.8109549795E-02
    7.2650259934E-08     2.3178299556E-02
    7.3751021448E-08     1.0374364744E-01
    7.4851782962E-08     3.3470193325E-02
    7.5952544477E-08    -1.1222533904E-01
    7.7053305991E-08    -1.0978995051E-01
    7.8154067505E-08     6.2931139119E-02
    7.9254829019E-08     1.5731706498E-01
    8.0355590533E-08     2.1235076391E-02
    8.1456352047E-08    -1.5072354315E-01
    8.2557113562E-08    -1.0000707279E-01
    8.3657875076E-08     9.7448919914E-02
    8.4758636590E-08     1.4326751521E-01
    8.5859398104E-08    -2.4925996708E-02
    8.6960159618E-08    -1.4371114503E-01
    8.8060921132E-08    -3.8812532043E-02
    8.9161682646E-08     1.1330840958E-01
    9.0262444161E-08     7.8398391463E-02
    9.1363205675E-08    -7.1077313215E-02
    9.2463967189E-08    -9.3217905132E-02
    9.3564728703E-08     3.1868917215E-02
    9.4665490217E-08     9.1231648548E-02
    9.5766251731E-08    -2.0034914825E-03
    9.6867013246E-08    -8.1309224086E-02
    9.7967774760E-08    -1.8695286585E-02
    9.9068536274E-08     6.9183988728E-02
    1.0016929779E-07     3.2843547221E-02
    1.0127005930E-07    -5.7565005340E-02
    1.0237082082E-07    -4.3395433162E-02
    1.0347158233E-07     4.7139393559E-02
    1.0457234384E-07     5.3245079604E-02
    1.0567310536E-07    -3.6387895340E-02
    1.0677386687E-07    -6.3903244717E-02
    1.0787462839E-07     2.2173885758E-02
    1.0897538990E-07     7.3859574100E-02
    1.1007615142E-07    -2.2802207374E-03
    1.1117691293E-07    -7.9225054532E-02
    1.1227767444E-07    -2.2512076424E-02
    1.1337843596E-07     7.6280996106E-02
    1.1447919747E-07     4.8746375975E-02
    1.1557995899E-07    -6.3436104774E-02
    1.1668072050E-07    -7.2155257030E-02
    1.1778148201E-07     4.1239789344E-02
    1.1888224353E-07     8.8917216442E-02
    1.1998300504E-07    -1.1500109656E-02
    1.2108376656E-07    -9.5475460690E-02
    1.2218452807E-07    -2.2438553898E-02
    1.2328528959E-07     8.8868979376E-02
    1.2438605110E-07     5.4894001381E-02
    1.2548681261E-07    -6.8836563460E-02
    1.2658757413E-07    -7.9192032977E-02
    1.2768833564E-07     3.9270156217E-02
    1.2878909716E-07     9.0885209168E-02
    1.2988985867E-07    -6.6961989682E-03
    1.3099062018E-07    -8.9744899141E-02
    1.3209138170E-07    -2.3033869479E-02
    1.3319214321E-07     7.8778041991E-02
    1.3429290473E-07     4.6938377254E-02
    1.3539366624E-07    -6.1476883107E-02
    1.3649442776E-07    -6.4382517033E-02
    1.3759518927E-07     4.0077248154E-02
    1.3869595078E-07     7.5144126573E-02
    1.3979671230E-07    -1.6072801625E-02
    1.4089747381E-07    -7.8590950864E-02
    1.4199823533E-07    -8.6290097232E-03
    1.4309899684E-07     7.4350854646E-02
    1.4419975835E-07     3.1608867975E-02
    1.4530051987E-07    -6.2965465699E-02
    1.4640128138E-07    -5.0552168492E-02
    1.4750204290E-07     4.5835632603E-02
    1.4860280441E-07     6.3653509077E-02
    1.4970356592E-07    -2.4957298014E-02
    1.5080432744E-07    -6.9770768576E-02
    1.5190508895E-07     2.7511821506E-03
    1.5300585047E-07     6.8639291225E-02
    1.5410661198E-07     1.8246047057E-02
    1.5520737350E-07    -6.1033394935E-02
    1.5630813501E-07    -3.5930528421E-02
    1.5740889652E-07     4.8547941384E-02
    1.5850965804E-07     4.9094544263E-02
    1.5961041955E-07    -3.3000347376E-02
    1.6071118107E-07    -5.7427981710E-02
    1.6181194258E-07     1.5851645782E-02
    1.6291270409E-07     6.1057413059E-02
    1.6401346561E-07     1.9389510194E-03
    1.6511422712E-07    -6.0012500364E-02
    1.6621498864E-07    -1.9568562340E-02
    1.6731575015E-07     5.4060483380E-02
    1.6841651167E-07     3.5893426435E-02
    1.6951727318E-07    -4.3042144510E-02
    1.7061803469E-07    -4.9232789757E-02
    1.7171879621E-07     2.7442240686E-02
    1.7281955772E-07     5.7685271075E-02
    1.7392031924E-07    -8.7507847024E-03
