    1.8346025236E-09     0.0000000000E+00
    3.6692050472E-09     0.0000000000E+00
    5.5038075708E-09     4.9601753720E-07
    7.3384100944E-09     5.0640895762E-04
    9.1730126179E-09     3.0591119284E-02
    1.1007615142E-08    -3.6036152218E-03
    1.2842217665E-08    -1.5379712496E-01
    1.4676820189E-08     4.9974525161E-01
    1.6511422712E-08    -1.3558081708E+00
    1.8346025236E-08     3.4301402589E+00
    2.0180627759E-08    -8.3666209171E+00
    2.2015230283E-08     1.9982678528E+01
    2.3849832807E-08    -4.7128173211E+01
    2.5684435330E-08     1.1029208830E+02
    2.7519037854E-08    -2.5688428052E+02
    2.9353640377E-08     5.9659939870E+02
    3.1188242901E-08    -1.3833087732E+03
    3.3022845425E-08     3.2048437086E+03
    3.4857447948E-08    -7.4231855356E+03
    3.6692050472E-08     1.7196358126E+04
    3.8526652995E-08    -3.9852874868E+04
    4.0361255519E-08     9.2413982550E+04
    4.2195858043E-08    -2.1444841587E+05
    4.4030460566E-08     4.9802283567E+05
    4.5865063090E-08    -1.1575455845E+06
    4.7699665613E-08     2.6927823030E+06
    4.9534268137E-08    -6.2696578823E+06
