    8.3391023800E-10     0.0000000000E+00
    1.6678204760E-09     0.0000000000E+00
    2.5017307140E-09    -2.3291582325E-07
    3.3356409520E-09    -8.1339941106E-06
    4.1695511900E-09    -1.5821096663E-04
    5.0034614280E-09    -1.7918841587E-03
    5.8373716660E-09    -1.2051016158E-02
    6.6712819040E-09    -4.9321089748E-02
    7.5051921420E-09    -1.2570575573E-01
    8.3391023800E-09    -1.9871419688E-01
    9.1730126179E-09    -1.6952770586E-01
    1.0006922856E-08     1.4765484046E-02
    1.0840833094E-08     2.6086518234E-01
    1.1674743332E-08     3.7503858663E-01
    1.2508653570E-08     2.3771482788E-01
    1.3342563808E-08    -6.4170518113E-02
    1.4176474046E-08    -2.9144460439E-01
    1.5010384284E-08    -2.5844921483E-01
    1.5844294522E-08    -2.2041504794E-03
    1.6678204760E-08     2.4675838348E-01
    1.7512114998E-08     2.7007421722E-01
    1.8346025236E-08     5.5886384842E-02
    1.9179935474E-08    -1.9616737492E-01
    2.0013845712E-08    -2.6108724414E-01
    2.0847755950E-08    -9.1619476650E-02
    2.1681666188E-08     1.4721902297E-01
    2.2515576426E-08     2.3753880277E-01
    2.3349486664E-08     1.0853973224E-01
    2.4183396902E-08    -1.0742412239E-01
    2.5017307140E-08    -2.0705258087E-01
    2.5851217378E-08    -1.0591276285E-01
    2.6685127616E-08     9.1365071543E-02
    2.7519037854E-08     1.9839176021E-01
    2.8352948092E-08     1.2282892706E-01
    2.9186858330E-08    -5.5511753589E-02
    3.0020768568E-08    -1.7036997363E-01
    3.0854678806E-08    -1.2851784003E-01
    3.1688589044E-08     1.0398309155E-02
    3.2522499282E-08     1.0323805366E-01
    3.3356409520E-08     6.6864921430E-02
    3.4190319758E-08    -4.5425258167E-02
    3.5024229996E-08    -1.0452964644E-01
    3.5858140234E-08    -3.8549211181E-02
    3.6692050472E-08     9.3818656044E-02
    3.7525960710E-08     1.6000007108E-01
    3.8359870948E-08     8.3693246267E-02
    3.9193781186E-08    -7.7882101318E-02
    4.0027691424E-08    -1.8365760276E-01
    4.0861601662E-08    -1.3809220431E-01
    4.1695511900E-08     2.1025580705E-02
    4.2529422138E-08     1.5669633340E-01
    4.3363332376E-08     1.5515804698E-01
    4.4197242614E-08     2.4065066092E-02
    4.5031152852E-08    -1.1953021551E-01
    4.5865063090E-08    -1.5477181337E-01
    4.6698973328E-08    -5.8324334753E-02
    4.7532883566E-08     8.4962200062E-02
    4.8366793804E-08     1.6201381687E-01
    4.9200704042E-08     1.2436944626E-01
    5.0034614280E-08     1.5044398100E-02
    5.0868524518E-08    -8.1896139292E-02
    5.1702434756E-08    -1.1294820164E-01
    5.2536344994E-08    -8.4506527882E-02
    5.3370255232E-08    -3.6400547380E-02
    5.4204165470E-08     1.6849851675E-03
    5.5038075708E-08     2.6555503371E-02
    5.5871985946E-08     4.4220831815E-02
    5.6705896184E-08     4.9131178890E-02
    5.7539806422E-08     2.7964339889E-02
    5.8373716660E-08    -1.7535606900E-02
    5.9207626898E-08    -5.9183365455E-02
    6.0041537136E-08    -6.1469836061E-02
    6.0875447374E-08    -1.5387211587E-02
    6.1709357612E-08     4.8190565497E-02
    6.2543267850E-08     8.2460915753E-02
    6.3377178088E-08     6.5138437292E-02
    6.4211088326E-08     1.6707483210E-02
    6.5044998564E-08    -2.1005323839E-02
    6.5878908802E-08    -2.4372836097E-02
    6.6712819040E-08    -6.8250627267E-03
    6.7546729278E-08    -4.6303938918E-05
    6.8380639516E-08    -1.8672876327E-02
    6.9214549754E-08    -4.5137447514E-02
    7.0048459992E-08    -4.9091591103E-02
    7.0882370230E-08    -1.9803093698E-02
    7.1716280468E-08     2.2471506058E-02
    7.2550190706E-08     4.6870089241E-02
    7.3384100944E-08     4.1297730657E-02
    7.4218011182E-08     1.9897165704E-02
    7.5051921420E-08     2.9391353546E-03
    7.5885831658E-08    -6.0107822880E-03
    7.6719741896E-08    -1.8755859838E-02
    7.7553652134E-08    -3.9195349372E-02
    7.8387562372E-08    -4.8197469658E-02
    7.9221472610E-08    -2.0323013091E-02
    8.0055382848E-08     4.0747862542E-02
    8.0889293086E-08     8.8975665615E-02
    8.1723203324E-08     6.9941696949E-02
    8.2557113562E-08    -2.2188188767E-02
    8.3391023800E-08    -1.2197525710E-01
    8.4224934038E-08    -1.3830292599E-01
    8.5058844276E-08    -3.7321441924E-02
    8.5892754514E-08     1.1328124340E-01
    8.6726664752E-08     1.8968203007E-01
    8.7560574990E-08     1.1759193673E-01
    8.8394485228E-08    -5.4079134823E-02
    8.9228395466E-08    -1.8476712619E-01
    9.0062305704E-08    -1.6051913137E-01
    9.0896215941E-08     2.6446102601E-03
    9.1730126179E-08     1.6620154601E-01
    9.2564036417E-08     1.8731288808E-01
    9.3397946655E-08     4.5629443619E-02
    9.4231856893E-08    -1.3603628399E-01
    9.5065767131E-08    -1.9907239201E-01
    9.5899677369E-08    -9.0048141823E-02
    9.6733587607E-08     9.1790052364E-02
    9.7567497845E-08     1.8422227273E-01
    9.8401408083E-08     1.0797125992E-01
    9.9235318321E-08    -6.3620541544E-02
    1.0006922856E-07    -1.7372091951E-01
    1.0090313880E-07    -1.2532780078E-01
    1.0173704904E-07     3.2897497165E-02
    1.0257095927E-07     1.5529388397E-01
    1.0340486951E-07     1.3459868531E-01
    1.0423877975E-07    -2.2542286501E-03
    1.0507268999E-07    -1.2458518517E-01
    1.0590660023E-07    -1.2239286610E-01
    1.0674051046E-07    -6.5320939209E-03
    1.0757442070E-07     1.0725286101E-01
    1.0840833094E-07     1.1114487009E-01
    1.0924224118E-07     5.8744356916E-03
    1.1007615142E-07    -1.0462374519E-01
    1.1091006165E-07    -1.1539148355E-01
    1.1174397189E-07    -1.9443728591E-02
    1.1257788213E-07     8.9789928518E-02
    1.1341179237E-07     1.1107278186E-01
    1.1424570261E-07     3.1308198739E-02
    1.1507961284E-07    -6.6625606108E-02
    1.1591352308E-07    -8.7981611292E-02
    1.1674743332E-07    -1.7724083261E-02
    1.1758134356E-07     6.8961866198E-02
    1.1841525380E-07     8.4239506996E-02
    1.1924916403E-07     1.4508603355E-02
    1.2008307427E-07    -6.8745178722E-02
    1.2091698451E-07    -8.2528934101E-02
    1.2175089475E-07    -1.5436716782E-02
    1.2258480499E-07     6.2414431698E-02
    1.2341871522E-07     7.1229454662E-02
    1.2425262546E-07     2.2751651148E-03
    1.2508653570E-07    -7.3540063413E-02
    1.2592044594E-07    -7.7638459561E-02
    1.2675435618E-07    -3.8732721604E-03
    1.2758826641E-07     7.4088216145E-02
    1.2842217665E-07     7.6416850926E-02
    1.2925608689E-07    -1.3625267947E-03
    1.3008999713E-07    -8.1274735384E-02
    1.3092390737E-07    -7.9279639625E-02
    1.3175781760E-07     9.4434580123E-03
    1.3259172784E-07     1.0173028066E-01
    1.3342563808E-07     1.0549324640E-01
    1.3425954832E-07     1.0809234402E-02
    1.3509345856E-07    -9.6811852962E-02
    1.3592736879E-07    -1.1641134885E-01
    1.3676127903E-07    -2.8941093933E-02
    1.3759518927E-07     8.2654667268E-02
    1.3842909951E-07     1.1177767985E-01
    1.3926300975E-07     3.0607700548E-02
    1.4009691998E-07    -8.2289813822E-02
    1.4093083022E-07    -1.1685280279E-01
    1.4176474046E-07    -3.7583166846E-02
    1.4259865070E-07     8.1449837096E-02
    1.4343256094E-07     1.2704928437E-01
    1.4426647117E-07     5.5488414856E-02
    1.4510038141E-07    -6.5286371908E-02
    1.4593429165E-07    -1.2078384088E-01
    1.4676820189E-07    -5.9891420104E-02
    1.4760211213E-07     5.6342078326E-02
    1.4843602236E-07     1.1412771216E-01
    1.4926993260E-07     5.7128492364E-02
    1.5010384284E-07    -5.9136763518E-02
    1.5093775308E-07    -1.2132548201E-01
    1.5177166332E-07    -6.8425065448E-02
    1.5260557355E-07     4.8745131164E-02
    1.5343948379E-07     1.1654726560E-01
    1.5427339403E-07     6.8800656973E-02
    1.5510730427E-07    -4.8515690494E-02
    1.5594121451E-07    -1.2114036456E-01
    1.5677512474E-07    -7.6934998957E-02
    1.5760903498E-07     4.3892942562E-02
    1.5844294522E-07     1.2694660061E-01
    1.5927685546E-07     9.3674013100E-02
    1.6011076570E-07    -2.2912747600E-02
    1.6094467593E-07    -1.1014098534E-01
    1.6177858617E-07    -8.4594058407E-02
    1.6261249641E-07     2.7148574353E-02
    1.6344640665E-07     1.1415558100E-01
    1.6428031689E-07     8.8679386132E-02
    1.6511422712E-07    -2.8206470609E-02
    1.6594813736E-07    -1.2584343835E-01
    1.6678204760E-07    -1.1002743610E-01
    1.6761595784E-07     6.0854598236E-03
    1.6844986808E-07     1.1386292889E-01
    1.6928377831E-07     1.1273157079E-01
    1.7011768855E-07     6.0526160174E-03
    1.7095159879E-07    -1.0261596017E-01
    1.7178550903E-07    -1.0907807580E-01
    1.7261941927E-07    -8.1540069539E-03
    1.7345332950E-07     1.0205680098E-01
    1.7428723974E-07     1.1489669159E-01
    1.7512114998E-07     1.7507781535E-02
    1.7595506022E-07    -9.7325464210E-02
    1.7678897046E-07    -1.2060171200E-01
    1.7762288069E-07    -3.1393069083E-02
    1.7845679093E-07     8.3999931606E-02
    1.7929070117E-07     1.1560876181E-01
    1.8012461141E-07     3.5054940587E-02
    1.8095852164E-07    -7.8517730365E-02
    1.8179243188E-07    -1.1575264600E-01
    1.8262634212E-07    -4.2253548744E-02
    1.8346025236E-07     6.9651093949E-02
    1.8429416260E-07     1.1214639355E-01
    1.8512807283E-07     4.6378688278E-02
    1.8596198307E-07    -6.0904004208E-02
    1.8679589331E-07    -1.0318658813E-01
    1.8762980355E-07    -3.8019529877E-02
    1.8846371379E-07     7.1780144853E-02
    1.8929762402E-07     1.1903576863E-01
    1.9013153426E-07     5.5928375092E-02
    1.9096544450E-07    -5.9723648170E-02
    1.9179935474E-07    -1.1997610468E-01
    1.9263326498E-07    -7.0181714936E-02
    1.9346717521E-07     3.9298327054E-02
    1.9430108545E-07     1.0236480668E-01
    1.9513499569E-07     5.9389065589E-02
    1.9596890593E-07    -4.6104448368E-02
    1.9680281617E-07    -1.1025192726E-01
    1.9763672640E-07    -6.9247259841E-02
    1.9847063664E-07     3.9424494392E-02
    1.9930454688E-07     1.1326559723E-01
    2.0013845712E-07     8.2992566491E-02
    2.0097236736E-07    -2.1758368625E-02
    2.0180627759E-07    -1.0162039270E-01
    2.0264018783E-07    -8.2618283579E-02
    2.0347409807E-07     1.4255057240E-02
    2.0430800831E-07     9.4830821121E-02
    2.0514191855E-07     8.2667238739E-02
    2.0597582878E-07    -8.6705804860E-03
    2.0680973902E-07    -9.0416317075E-02
    2.0764364926E-07    -8.4731759000E-02
    2.0847755950E-07     1.2847928485E-03
    2.0931146974E-07     8.4009230123E-02
    2.1014537997E-07     8.4487251969E-02
    2.1097929021E-07     3.6040364774E-03
    2.1181320045E-07    -8.0227795207E-02
    2.1264711069E-07    -8.7022374745E-02
    2.1348102093E-07    -1.0993836336E-02
    2.1431493116E-07     7.5753314443E-02
    2.1514884140E-07     9.3215472930E-02
    2.1598275164E-07     2.8758681774E-02
    2.1681666188E-07    -5.3746143297E-02
    2.1765057212E-07    -7.7308340067E-02
    2.1848448235E-07    -2.4996267709E-02
    2.1931839259E-07     4.6960508535E-02
    2.2015230283E-07     6.6280275980E-02
    2.2098621307E-07     1.4697994697E-02
    2.2182012331E-07    -5.6543952708E-02
    2.2265403354E-07    -7.8531409389E-02
    2.2348794378E-07    -3.1495064268E-02
    2.2432185402E-07     3.8196467125E-02
    2.2515576426E-07     6.5271978071E-02
    2.2598967450E-07     2.8921399905E-02
    2.2682358473E-07    -2.9588838722E-02
    2.2765749497E-07    -5.0253556732E-02
    2.2849140521E-07    -1.4000797058E-02
    2.2932531545E-07     4.0257559556E-02
    2.3015922569E-07     5.6425932614E-02
    2.3099313592E-07     1.7797852913E-02
    2.3182704616E-07    -3.7007403826E-02
    2.3266095640E-07    -5.3554335061E-02
    2.3349486664E-07    -1.6142224029E-02
    2.3432877688E-07     3.7077621630E-02
    2.3516268711E-07     5.2768408846E-02
    2.3599659735E-07     1.5591250073E-02
    2.3683050759E-07    -3.7152291877E-02
    2.3766441783E-07    -5.3401331757E-02
    2.3849832807E-07    -1.8307510885E-02
    2.3933223830E-07     3.1666445951E-02
    2.4016614854E-07     4.6129789942E-02
    2.4100005878E-07     1.1688412332E-02
    2.4183396902E-07    -3.4795081356E-02
    2.4266787926E-07    -4.3808406373E-02
    2.4350178949E-07    -3.7703414686E-03
    2.4433569973E-07     4.6399647680E-02
    2.4516960997E-07     5.5714487017E-02
    2.4600352021E-07     1.2383293566E-02
    2.4683743045E-07    -4.3475605668E-02
    2.4767134068E-07    -5.8910710438E-02
    2.4850525092E-07    -2.0533464841E-02
    2.4933916116E-07     3.1969692916E-02
    2.5017307140E-07     4.5151101404E-02
    2.5100698164E-07     5.3045705096E-03
    2.5184089187E-07    -4.7116243687E-02
    2.5267480211E-07    -5.7153393881E-02
    2.5350871235E-07    -1.0367467584E-02
    2.5434262259E-07     5.1374126297E-02
    2.5517653283E-07     6.9788550614E-02
    2.5601044306E-07     2.7182983307E-02
    2.5684435330E-07    -3.5532212913E-02
    2.5767826354E-07    -5.8169936686E-02
    2.5851217378E-07    -1.9908466773E-02
    2.5934608402E-07     4.0265340046E-02
    2.6017999425E-07     6.1778504932E-02
    2.6101390449E-07     2.2196823759E-02
    2.6184781473E-07    -4.0277899171E-02
    2.6268172497E-07    -6.4116749320E-02
    2.6351563521E-07    -2.5336839253E-02
    2.6434954544E-07     3.8013435800E-02
    2.6518345568E-07     6.2520604358E-02
    2.6601736592E-07     2.1908251365E-02
    2.6685127616E-07    -4.5980132533E-02
    2.6768518640E-07    -7.4979500264E-02
    2.6851909663E-07    -3.5016608528E-02
    2.6935300687E-07     3.7699604119E-02
    2.7018691711E-07     7.4854588423E-02
    2.7102082735E-07     4.1998254727E-02
    2.7185473759E-07    -2.7819885704E-02
    2.7268864782E-07    -6.5965334718E-02
    2.7352255806E-07    -3.5116411482E-02
    2.7435646830E-07     3.3949748815E-02
    2.7519037854E-07     7.1955994868E-02
    2.7602428878E-07     3.8799647810E-02
    2.7685819901E-07    -3.6509386598E-02
    2.7769210925E-07    -8.2972728801E-02
    2.7852601949E-07    -5.5982213201E-02
    2.7935992973E-07     1.9317582823E-02
    2.8019383997E-07     7.2049910620E-02
    2.8102775020E-07     5.3990723483E-02
    2.8186166044E-07    -1.4026594039E-02
    2.8269557068E-07    -6.2891590100E-02
    2.8352948092E-07    -4.3055202924E-02
    2.8436339116E-07     2.6697725931E-02
    2.8519730139E-07     7.7326211526E-02
    2.8603121163E-07     5.7135991895E-02
    2.8686512187E-07    -1.6966906717E-02
    2.8769903211E-07    -7.4922117668E-02
    2.8853294235E-07    -6.1188497075E-02
    2.8936685258E-07     1.0963718644E-02
    2.9020076282E-07     7.1614350310E-02
    2.9103467306E-07     6.1510422432E-02
    2.9186858330E-07    -1.0521119397E-02
    2.9270249354E-07    -7.5857021549E-02
    2.9353640377E-07    -7.2271651872E-02
    2.9437031401E-07    -3.9965655414E-03
    2.9520422425E-07     6.2600835315E-02
    2.9603813449E-07     6.3563130927E-02
    2.9687204473E-07    -5.3330398768E-04
    2.9770595496E-07    -6.5241600213E-02
    2.9853986520E-07    -6.5113720237E-02
    2.9937377544E-07     2.2767104961E-03
    3.0020768568E-07     7.3434501292E-02
    3.0104159592E-07     8.0145931290E-02
    3.0187550615E-07     1.5488784700E-02
    3.0270941639E-07    -5.9398588886E-02
    3.0354332663E-07    -7.4389511929E-02
    3.0437723687E-07    -1.7983289164E-02
    3.0521114711E-07     5.2128276751E-02
    3.0604505734E-07     6.5725508015E-02
    3.0687896758E-07     8.8157873642E-03
    3.0771287782E-07    -6.2452321973E-02
    3.0854678806E-07    -7.6400256191E-02
    3.0938069830E-07    -1.6009018580E-02
    3.1021460853E-07     6.3576215189E-02
    3.1104851877E-07     8.7541994257E-02
    3.1188242901E-07     3.3348604103E-02
    3.1271633925E-07    -4.7426856059E-02
    3.1355024949E-07    -7.8546821356E-02
    3.1438415972E-07    -3.2176344867E-02
    3.1521806996E-07     4.4897635003E-02
    3.1605198020E-07     7.6982859199E-02
    3.1688589044E-07     3.2715878532E-02
    3.1771980068E-07    -4.5002829346E-02
    3.1855371091E-07    -8.1057121984E-02
    3.1938762115E-07    -4.1112426467E-02
    3.2022153139E-07     3.5248543272E-02
