    1.3342563808E-09     0.0000000000E+00
    2.6685127616E-09     0.0000000000E+00
    4.0027691424E-09    -3.8160928482E-07
    5.3370255232E-09    -7.7464385439E-05
    6.6712819040E-09    -3.6134499340E-03
    8.0055382848E-09    -3.7542650045E-02
    9.3397946655E-09    -7.0614770256E-02
    1.0674051046E-08     5.5808146947E-02
    1.2008307427E-08     1.2397803355E-01
    1.3342563808E-08    -4.6276645517E-02
    1.4676820189E-08    -9.0224186779E-02
    1.6011076570E-08     7.3614567457E-02
    1.7345332950E-08     5.3727879187E-02
    1.8679589331E-08    -8.5125606469E-02
    2.0013845712E-08    -1.2879991845E-02
    2.1348102093E-08     7.8491391610E-02
    2.2682358473E-08    -2.3139594103E-02
    2.4016614854E-08    -5.6831644753E-02
    2.5350871235E-08     5.0150443448E-02
    2.6685127616E-08     4.1935483510E-02
    2.8019383997E-08    -2.1673653546E-02
    2.9353640377E-08     4.2494117460E-02
    3.0687896758E-08     5.3825260682E-02
    3.2022153139E-08    -8.5191084330E-02
    3.3356409520E-08    -1.1124112579E-01
    3.4690665901E-08     2.9305808901E-02
    3.6024922281E-08     7.8188315888E-02
    3.7359178662E-08    -5.4035787049E-03
    3.8693435043E-08    -4.7618087973E-02
    4.0027691424E-08    -1.2457835434E-02
    4.1361947805E-08     3.0890614342E-02
    4.2696204185E-08     3.5420470789E-02
    4.4030460566E-08    -6.1320658204E-03
    4.5364716947E-08    -6.6123577152E-03
    4.6698973328E-08     6.4604176041E-02
    4.8033229709E-08     3.7538282956E-02
    4.9367486089E-08    -1.1076226118E-01
    5.0701742470E-08    -1.0877323959E-01
    5.2035998851E-08     6.5685739647E-02
    5.3370255232E-08     9.0412039517E-02
    5.4704511612E-08    -4.9299906521E-02
    5.6038767993E-08    -5.9930307876E-02
    5.7373024374E-08     3.6006364455E-02
    5.8707280755E-08     2.2981591909E-02
    6.0041537136E-08    -2.8013538320E-02
    6.1375793516E-08     5.1652921423E-03
    6.2710049897E-08     2.6023438225E-02
    6.4044306278E-08    -2.8428602549E-04
    6.5378562659E-08     1.9254137498E-04
    6.6712819040E-08    -1.1134453713E-02
    6.8047075420E-08    -3.8187531617E-02
    6.9381331801E-08     1.4030744511E-02
    7.0715588182E-08     5.9679093149E-02
    7.2049844563E-08    -2.1998562119E-02
    7.3384100944E-08    -6.4860614360E-02
    7.4718357324E-08     3.4490122391E-02
    7.6052613705E-08     5.6509291195E-02
    7.7386870086E-08    -4.5965957984E-02
    7.8721126467E-08    -3.7494540032E-02
    8.0055382848E-08     5.1762816605E-02
    8.1389639228E-08     1.2345398197E-02
    8.2723895609E-08    -4.9738173991E-02
    8.4058151990E-08     1.2254401182E-02
    8.5392408371E-08     3.9411484564E-02
    8.6726664752E-08    -2.9814090889E-02
    8.8060921132E-08    -2.1949212228E-02
    8.9395177513E-08     3.6504724686E-02
    9.0729433894E-08     9.3664612007E-04
    9.2063690275E-08    -3.1531234066E-02
    9.3397946655E-08     1.8325611772E-02
    9.4732203036E-08     1.6747775096E-02
    9.6066459417E-08    -3.0436872172E-02
    9.7400715798E-08     4.1102504963E-03
    9.8734972179E-08     3.1782038746E-02
    1.0006922856E-07    -2.6234700330E-02
    1.0140348494E-07    -2.1960767519E-02
    1.0273774132E-07     4.4205870628E-02
    1.0407199770E-07     3.5615875644E-03
    1.0540625408E-07    -5.3107745810E-02
    1.0674051046E-07     1.8961532648E-02
    1.0807476684E-07     5.0142794124E-02
    1.0940902322E-07    -4.0285245332E-02
    1.1074327961E-07    -3.5543800678E-02
    1.1207753599E-07     5.5248508811E-02
    1.1341179237E-07     1.2504045509E-02
    1.1474604875E-07    -5.9912786917E-02
    1.1608030513E-07     1.3752938128E-02
    1.1741456151E-07     5.2514489402E-02
    1.1874881789E-07    -3.7382836911E-02
    1.2008307427E-07    -3.4112674690E-02
    1.2141733065E-07     5.3211205850E-02
    1.2275158703E-07     8.4535179941E-03
    1.2408584341E-07    -5.7768654300E-02
    1.2542009979E-07     1.8991655234E-02
    1.2675435618E-07     5.0058741125E-02
    1.2808861256E-07    -4.2380212540E-02
    1.2942286894E-07    -3.1823598104E-02
    1.3075712532E-07     5.6851132583E-02
    1.3209138170E-07     7.1586528111E-03
    1.3342563808E-07    -5.9589311796E-02
    1.3475989446E-07     1.8454319678E-02
    1.3609415084E-07     5.0397216556E-02
    1.3742840722E-07    -3.9450068493E-02
    1.3876266360E-07    -3.1680980368E-02
    1.4009691998E-07     5.1465565442E-02
    1.4143117636E-07     7.8518010878E-03
    1.4276543274E-07    -5.2294438622E-02
    1.4409968913E-07     1.5726276118E-02
    1.4543394551E-07     4.2312256552E-02
    1.4676820189E-07    -3.3981273134E-02
    1.4810245827E-07    -2.4295158493E-02
    1.4943671465E-07     4.3267876317E-02
    1.5077097103E-07     2.6879037111E-03
    1.5210522741E-07    -4.2135188397E-02
    1.5343948379E-07     1.7489341749E-02
    1.5477374017E-07     3.1565440391E-02
    1.5610799655E-07    -3.1822157304E-02
    1.5744225293E-07    -1.4641473913E-02
    1.5877650931E-07     3.7490854721E-02
    1.6011076570E-07    -4.2664805186E-03
    1.6144502208E-07    -3.3846859080E-02
    1.6277927846E-07     2.0587803530E-02
    1.6411353484E-07     2.2458586604E-02
    1.6544779122E-07    -3.0641726944E-02
    1.6678204760E-07    -6.6333292997E-03
    1.6811630398E-07     3.2467985026E-02
    1.6945056036E-07    -9.4563230922E-03
    1.7078481674E-07    -2.6208420703E-02
    1.7211907312E-07     2.1820085548E-02
    1.7345332950E-07     1.3966273442E-02
    1.7478758588E-07    -2.7611199723E-02
    1.7612184226E-07     8.0241044003E-04
    1.7745609865E-07     2.5768526174E-02
    1.7879035503E-07    -1.4200340738E-02
    1.8012461141E-07    -1.7194024325E-02
    1.8145886779E-07     2.2870478863E-02
    1.8279312417E-07     4.4409768389E-03
    1.8412738055E-07    -2.4805205094E-02
    1.8546163693E-07     8.9908623079E-03
    1.8679589331E-07     1.9791633578E-02
    1.8813014969E-07    -1.9565858517E-02
    1.8946440607E-07    -9.3972779023E-03
    1.9079866245E-07     2.4599163881E-02
    1.9213291883E-07    -3.4841940988E-03
    1.9346717521E-07    -2.2903776714E-02
    1.9480143160E-07     1.5401249727E-02
    1.9613568798E-07     1.5047138330E-02
    1.9746994436E-07    -2.3229130627E-02
    1.9880420074E-07    -3.1652517727E-03
    2.0013845712E-07     2.4950836960E-02
    2.0147271350E-07    -9.6091971702E-03
    2.0280696988E-07    -2.0144943943E-02
    2.0414122626E-07     1.9955772900E-02
    2.0547548264E-07     1.0065561122E-02
    2.0680973902E-07    -2.5207750834E-02
    2.0814399540E-07     2.6983848444E-03
    2.0947825178E-07     2.4016298077E-02
    2.1081250817E-07    -1.4892836679E-02
    2.1214676455E-07    -1.6674586384E-02
    2.1348102093E-07     2.3424935459E-02
    2.1481527731E-07     5.0263568115E-03
    2.1614953369E-07    -2.6137291046E-02
    2.1748379007E-07     8.0115010681E-03
    2.1881804645E-07     2.2338009223E-02
    2.2015230283E-07    -1.9186850678E-02
    2.2148655921E-07    -1.2958853221E-02
    2.2282081559E-07     2.5722747476E-02
    2.2415507197E-07     3.0913592722E-04
    2.2548932835E-07    -2.5998623551E-02
    2.2682358473E-07     1.2506046989E-02
    2.2815784112E-07     1.9937500825E-02
    2.2949209750E-07    -2.2354065120E-02
    2.3082635388E-07    -9.0106898699E-03
    2.3216061026E-07     2.6839099418E-02
    2.3349486664E-07    -4.1340422600E-03
    2.3482912302E-07    -2.4877783333E-02
    2.3616337940E-07     1.6324799028E-02
    2.3749763578E-07     1.6950241062E-02
    2.3883189216E-07    -2.4636967715E-02
    2.4016614854E-07    -4.9706967263E-03
    2.4150040492E-07     2.7096481870E-02
    2.4283466130E-07    -8.1864460438E-03
    2.4416891769E-07    -2.3146433629E-02
    2.4550317407E-07     1.9387036284E-02
    2.4683743045E-07     1.3767119630E-02
    2.4817168683E-07    -2.5992800010E-02
    2.4950594321E-07    -1.2239898649E-03
    2.5084019959E-07     2.6488704265E-02
    2.5217445597E-07    -1.1491516305E-02
    2.5350871235E-07    -2.0831085327E-02
    2.5484296873E-07     2.1388447993E-02
    2.5617722511E-07     1.0435730348E-02
    2.5751148149E-07    -2.6190886872E-02
    2.5884573787E-07     2.1850621664E-03
    2.6017999425E-07     2.4867417148E-02
    2.6151425064E-07    -1.4041543004E-02
    2.6284850702E-07    -1.7851417734E-02
    2.6418276340E-07     2.2386571328E-02
    2.6551701978E-07     6.9063335658E-03
    2.6685127616E-07    -2.5361057457E-02
    2.6818553254E-07     5.3226640265E-03
    2.6951978892E-07     2.2412360551E-02
    2.7085404530E-07    -1.5955184721E-02
    2.7218830168E-07    -1.4392266642E-02
    2.7352255806E-07     2.2561282116E-02
    2.7485681444E-07     3.3202470287E-03
    2.7619107082E-07    -2.3723237048E-02
    2.7752532720E-07     8.1233668803E-03
    2.7885958359E-07     1.9344090664E-02
    2.8019383997E-07    -1.7248243821E-02
    2.8152809635E-07    -1.0635790177E-02
    2.8286235273E-07     2.1991676915E-02
    2.8419660911E-07    -2.0341855449E-04
    2.8553086549E-07    -2.1391576327E-02
    2.8686512187E-07     1.0539034816E-02
    2.8819937825E-07     1.5785147935E-02
    2.8953363463E-07    -1.7941378311E-02
    2.9086789101E-07    -6.6910983396E-03
    2.9220214739E-07     2.0761377764E-02
    2.9353640377E-07    -3.5895399353E-03
    2.9487066016E-07    -1.8503027119E-02
    2.9620491654E-07     1.2550741587E-02
    2.9753917292E-07     1.1906649259E-02
    2.9887342930E-07    -1.8091821484E-02
    3.0020768568E-07    -2.7302888733E-03
    3.0154194206E-07     1.9010851868E-02
    3.0287619844E-07    -6.7083655748E-03
    3.0421045482E-07    -1.5264762824E-02
    3.0554471120E-07     1.4110437972E-02
    3.0687896758E-07     7.9408913517E-03
    3.0821322396E-07    -1.7750720693E-02
    3.0954748034E-07     1.0433459283E-03
    3.1088173672E-07     1.6875992769E-02
    3.1221599311E-07    -9.4311707168E-03
    3.1355024949E-07    -1.1856363966E-02
    3.1488450587E-07     1.5183550243E-02
    3.1621876225E-07     4.0613619974E-03
    3.1755301863E-07    -1.6967316790E-02
    3.1888727501E-07     4.5013645523E-03
    3.2022153139E-07     1.4459563841E-02
    3.2155578777E-07    -1.1691955049E-02
    3.2289004415E-07    -8.4000448301E-03
    3.2422430053E-07     1.5764246265E-02
    3.2555855691E-07     3.8416203849E-04
    3.2689281329E-07    -1.5784208413E-02
    3.2822706967E-07     7.5485391010E-03
    3.2956132606E-07     1.1840827789E-02
    3.3089558244E-07    -1.3426212551E-02
    3.3222983882E-07    -5.0013211051E-03
    3.3356409520E-07     1.5829257977E-02
    3.3489835158E-07    -2.9736457782E-03
    3.3623260796E-07    -1.4228488209E-02
    3.3756686434E-07     1.0079736037E-02
    3.3890112072E-07     9.0961132535E-03
    3.4023537710E-07    -1.4568792221E-02
    3.4156963348E-07    -1.7670986562E-03
    3.4290388986E-07     1.5373774653E-02
    3.4423814624E-07    -5.9086144814E-03
    3.4557240263E-07    -1.2355732341E-02
    3.4690665901E-07     1.2031497589E-02
    3.4824091539E-07     6.3173168260E-03
    3.4957517177E-07    -1.5118085284E-02
    3.5090942815E-07     1.2133570850E-03
    3.5224368453E-07     1.4454062290E-02
    3.5357794091E-07    -8.3696623608E-03
    3.5491219729E-07    -1.0252879428E-02
    3.5624645367E-07     1.3406659349E-02
    3.5758071005E-07     3.5867846833E-03
    3.5891496643E-07    -1.5122518822E-02
    3.6024922281E-07     3.8881117808E-03
    3.6158347919E-07     1.3141096432E-02
    3.6291773558E-07    -1.0342930350E-02
    3.6425199196E-07    -7.9904419197E-03
    3.6558624834E-07     1.4222529238E-02
    3.6692050472E-07     9.6127572992E-04
    3.6825476110E-07    -1.4619394024E-02
    3.6958901748E-07     6.2178434365E-03
    3.7092327386E-07     1.1484970011E-02
    3.7225753024E-07    -1.1807754103E-02
    3.7359178662E-07    -5.6282800459E-03
    3.7492604300E-07     1.4482241042E-02
    3.7626029938E-07    -1.4952064773E-03
    3.7759455576E-07    -1.3643510680E-02
    3.7892881215E-07     8.1490461856E-03
    3.8026306853E-07     9.5537272538E-03
    3.8159732491E-07    -1.2742647375E-02
    3.8293158129E-07    -3.2540708899E-03
    3.8426583767E-07     1.4213196442E-02
    3.8560009405E-07    -3.7037090179E-03
    3.8693435043E-07    -1.2270419429E-02
    3.8826860681E-07     9.6426850389E-03
    3.8960286319E-07     7.4485832706E-03
    3.9093711957E-07    -1.3166280427E-02
    3.9227137595E-07    -9.5910963995E-04
    3.9360563233E-07     1.3485981711E-02
    3.9493988871E-07    -5.6147458236E-03
    3.9627414510E-07    -1.0595762153E-02
    3.9760840148E-07     1.0704246629E-02
    3.9894265786E-07     5.2562544359E-03
    4.0027691424E-07    -1.3129422748E-02
    4.0161117062E-07     1.2032606489E-03
    4.0294542700E-07     1.2372989362E-02
    4.0427968338E-07    -7.2146383785E-03
    4.0561393976E-07    -8.6906939660E-03
    4.0694819614E-07     1.1351766018E-02
    4.0828245252E-07     3.0342406519E-03
    4.0961670890E-07    -1.2670601203E-02
    4.1095096528E-07     3.1921560485E-03
    4.1228522166E-07     1.0926805823E-02
    4.1361947805E-07    -8.4804746380E-03
    4.1495373443E-07    -6.6195693092E-03
    4.1628799081E-07     1.1586206662E-02
    4.1762224719E-07     8.5337213578E-04
    4.1895650357E-07    -1.1823538951E-02
    4.2029075995E-07     4.9448600822E-03
    4.2162501633E-07     9.2169483717E-03
    4.2295927271E-07    -9.3798604638E-03
    4.2429352909E-07    -4.4757394923E-03
    4.2562778547E-07     1.1424380747E-02
    4.2696204185E-07    -1.1968087681E-03
    4.2829629823E-07    -1.0656344138E-02
    4.2963055462E-07     6.4078077164E-03
    4.3096481100E-07     7.3427530074E-03
    4.3229906738E-07    -9.9152758870E-03
    4.3363332376E-07    -2.3555453627E-03
    4.3496758014E-07     1.0922003524E-02
    4.3630183652E-07    -3.0546722334E-03
    4.3763609290E-07    -9.2545446044E-03
    4.3897034928E-07     7.5687650262E-03
    4.4030460566E-07     5.3886745495E-03
    4.4163886204E-07    -1.0117591239E-02
    4.4297311842E-07    -3.1935449744E-04
    4.4430737480E-07     1.0133675421E-02
    4.4564163118E-07    -4.6910049135E-03
    4.4697588757E-07    -7.6773971548E-03
    4.4831014395E-07     8.4240940508E-03
    4.4964440033E-07     3.4089917221E-03
    4.5097865671E-07    -1.0000997493E-02
    4.5231291309E-07     1.5849116974E-03
    4.5364716947E-07     9.0894361999E-03
    4.5498142585E-07    -6.0659276682E-03
    4.5631568223E-07    -5.9731324988E-03
    4.5764993861E-07     8.9505183162E-03
    4.5898419499E-07     1.4682415148E-03
    4.6031845137E-07    -9.5719519928E-03
    4.6165270775E-07     3.2895605203E-03
    4.6298696414E-07     7.8332699912E-03
    4.6432122052E-07    -7.1312554465E-03
    4.6565547690E-07    -4.2160381971E-03
    4.6698973328E-07     9.1407370171E-03
    4.6832398966E-07    -3.5267190108E-04
    4.6965824604E-07    -8.8707252781E-03
    4.7099250242E-07     4.7374220437E-03
    4.7232675880E-07     6.4385771011E-03
    4.7366101518E-07    -7.8746742982E-03
    4.7499527156E-07    -2.4833149189E-03
    4.7632952794E-07     9.0277176383E-03
    4.7766378432E-07    -2.0012455754E-03
    4.7899804070E-07    -7.9565429361E-03
    4.8033229709E-07     5.9139929598E-03
    4.8166655347E-07     4.9649536918E-03
    4.8300080985E-07    -8.3141820472E-03
    4.8433506623E-07    -8.1663426177E-04
    4.8566932261E-07     8.6456693254E-03
    4.8700357899E-07    -3.4577108933E-03
    4.8833783537E-07    -6.8651457600E-03
    4.8967209175E-07     6.8149850179E-03
    4.9100634813E-07     3.4443792966E-03
    4.9234060451E-07    -8.4541340177E-03
    4.9367486089E-07     7.5341116430E-04
    4.9500911727E-07     8.0078858765E-03
    4.9634337365E-07    -4.6916133231E-03
    4.9767763004E-07    -5.6247695931E-03
    4.9901188642E-07     7.4173568506E-03
    5.0034614280E-07     1.9225100527E-03
    5.0168039918E-07    -8.2930088078E-03
    5.0301465556E-07     2.1732441968E-03
    5.0434891194E-07     7.1448232405E-03
    5.0568316832E-07    -5.6620120548E-03
    5.0701742470E-07    -4.2939383864E-03
    5.0835168108E-07     7.7135455494E-03
    5.0968593746E-07     4.6574353979E-04
    5.1102019384E-07    -7.8642224854E-03
    5.1235445022E-07     3.3958319163E-03
    5.1368870661E-07     6.1189915456E-03
    5.1502296299E-07    -6.3607059615E-03
    5.1635721937E-07    -2.9382728803E-03
    5.1769147575E-07     7.7349498710E-03
    5.1902573213E-07    -8.8296832978E-04
    5.2035998851E-07    -7.2213432439E-03
    5.2169424489E-07     4.4126215707E-03
    5.2302850127E-07     4.9822022979E-03
    5.2436275765E-07    -6.8073427399E-03
    5.2569701403E-07    -1.5917065207E-03
    5.2703127041E-07     7.5133966541E-03
    5.2836552679E-07    -2.1094558887E-03
    5.2969978317E-07    -6.3951430865E-03
    5.3103403956E-07     5.2216024693E-03
    5.3236829594E-07     3.7609037349E-03
    5.3370255232E-07    -7.0053283486E-03
    5.3503680870E-07    -2.8038288352E-04
    5.3637106508E-07     7.0587929226E-03
    5.3770532146E-07    -3.1854946902E-03
    5.3903957784E-07    -5.4091839901E-03
    5.4037383422E-07     5.7989836555E-03
    5.4170809060E-07     2.4964764811E-03
    5.4304234698E-07    -6.9495095748E-03
    5.4437660336E-07     9.4413674430E-04
    5.4571085974E-07     6.3964715995E-03
    5.4704511612E-07    -4.0689397179E-03
    5.4837937251E-07    -4.3173779111E-03
    5.4971362889E-07     6.1331369789E-03
    5.5104788527E-07     1.2528199525E-03
    5.5238214165E-07    -6.6675136082E-03
    5.5371639803E-07     2.0342328171E-03
    5.5505065441E-07     5.5829814040E-03
    5.5638491079E-07    -4.7475887617E-03
    5.5771916717E-07    -3.1811354001E-03
    5.5905342355E-07     6.2488018773E-03
    5.6038767993E-07     7.2098409748E-05
    5.6172193631E-07    -6.2055048038E-03
    5.6305619269E-07     2.9782785335E-03
    5.6439044908E-07     4.6640794564E-03
    5.6572470546E-07    -5.2349498890E-03
    5.6705896184E-07    -2.0311018680E-03
    5.6839321822E-07     6.1698829639E-03
    5.6972747460E-07    -1.0312163456E-03
    5.7106173098E-07    -5.5860750389E-03
    5.7239598736E-07     3.7700127304E-03
    5.7373024374E-07     3.6596989873E-03
    5.7506450012E-07    -5.5268307548E-03
    5.7639875650E-07    -8.9037077742E-04
    5.7773301288E-07     5.8970353565E-03
    5.7906726926E-07    -2.0276584808E-03
    5.8040152564E-07    -4.8239146863E-03
    5.8173578203E-07     4.3802945701E-03
    5.8307003841E-07     2.6045340658E-03
    5.8440429479E-07    -5.6094283087E-03
    5.8573855117E-07     1.9237030126E-04
    5.8707280755E-07     5.4452271175E-03
    5.8840706393E-07    -2.8730087540E-03
    5.8974132031E-07    -3.9633359116E-03
    5.9107557669E-07     4.7907021104E-03
    5.9240983307E-07     1.5561351504E-03
    5.9374408945E-07    -5.5005745310E-03
    5.9507834583E-07     1.1712114414E-03
    5.9641260221E-07     4.8604943448E-03
    5.9774685860E-07    -3.5519367105E-03
    5.9908111498E-07    -3.0566921000E-03
    6.0041537136E-07     5.0186546945E-03
    6.0174962774E-07     5.5102812397E-04
    6.0308388412E-07    -5.2364888130E-03
    6.0441814050E-07     2.0354106071E-03
    6.0575239688E-07     4.1784275219E-03
    6.0708665326E-07    -4.0741100812E-03
    6.0842090964E-07    -2.1265215306E-03
    6.0975516602E-07     5.0807245483E-03
    6.1108942240E-07    -4.0098048401E-04
    6.1242367878E-07    -4.8305365665E-03
    6.1375793516E-07     2.7792601176E-03
    6.1509219155E-07     3.4095252044E-03
    6.1642644793E-07    -4.4315824305E-03
    6.1776070431E-07    -1.1882561991E-03
    6.1909496069E-07     4.9702367560E-03
    6.2042921707E-07    -1.2744993434E-03
    6.2176347345E-07    -4.2883330678E-03
    6.2309772983E-07     3.3733512084E-03
    6.2443198621E-07     2.5797967099E-03
    6.2576624259E-07    -4.6063068546E-03
    6.2710049897E-07    -2.8404412632E-04
    6.2843475535E-07     4.6949524713E-03
    6.2976901173E-07    -2.0283508364E-03
    6.3110326811E-07    -3.6456219750E-03
    6.3243752450E-07     3.7980368310E-03
    6.3377178088E-07     1.7390861389E-03
    6.3510603726E-07    -4.6111275056E-03
    6.3644029364E-07     5.4506802658E-04
    6.3777455002E-07     4.2938739282E-03
    6.3910880640E-07    -2.6484294301E-03
    6.4044306278E-07    -2.9475999534E-03
    6.4177731916E-07     4.0686015213E-03
    6.4311157554E-07     9.1809900359E-04
    6.4444583192E-07    -4.4775058653E-03
    6.4578008830E-07     1.2916848401E-03
    6.4711434468E-07     3.7963886704E-03
    6.4844860107E-07    -3.1445667735E-03
    6.4978285745E-07    -2.2108283933E-03
    6.5111711383E-07     4.1988541038E-03
    6.5245137021E-07     1.2236205172E-04
    6.5378562659E-07    -4.2141949701E-03
    6.5511988297E-07     1.9520049489E-03
    6.5645413935E-07     3.2076906901E-03
    6.5778839573E-07    -3.5081928028E-03
    6.5912265211E-07    -1.4457807580E-03
    6.6045690849E-07     4.1790138344E-03
    6.6179116487E-07    -6.2610015180E-04
    6.6312542125E-07    -3.8219147186E-03
    6.6445967763E-07     2.4973092473E-03
    6.6579393402E-07     2.5486221286E-03
    6.6712819040E-07    -3.7191582953E-03
    6.6846244678E-07    -6.9072931962E-04
    6.6979670316E-07     4.0127984436E-03
    6.7113095954E-07    -1.2878023974E-03
    6.7246521592E-07    -3.3315629838E-03
    6.7379947230E-07     2.9071210212E-03
    6.7513372868E-07     1.8645950077E-03
    6.7646798506E-07    -3.7870669033E-03
    6.7780224144E-07     1.5944313433E-05
    6.7913649782E-07     3.7345003201E-03
    6.8047075420E-07    -1.8486491671E-03
    6.8180501059E-07    -2.7837614305E-03
    6.8313926697E-07     3.1943101632E-03
    6.8447352335E-07     1.1831775096E-03
    6.8580777973E-07    -3.7395139121E-03
    6.8714203611E-07     6.6803117282E-04
    6.8847629249E-07     3.3691230085E-03
    6.8981054887E-07    -2.3175625875E-03
    6.9114480525E-07    -2.1910454641E-03
    6.9247906163E-07     3.3697252062E-03
    6.9381331801E-07     5.0729618167E-04
    6.9514757439E-07    -3.5809081764E-03
    6.9648183077E-07     1.2621197002E-03
    6.9781608715E-07     2.9173379466E-03
    6.9915034354E-07    -2.6841527144E-03
    7.0048459992E-07    -1.5602422879E-03
    7.0181885630E-07     3.4200431646E-03
    7.0315311268E-07    -1.4310861254E-04
    7.0448736906E-07    -3.3072736561E-03
    7.0582162544E-07     1.7693565499E-03
    7.0715588182E-07     2.3951044383E-03
    7.0849013820E-07    -2.9255601593E-03
    7.0982439458E-07    -9.2602272802E-04
    7.1115865096E-07     3.3443116571E-03
    7.1249290734E-07    -7.2971216004E-04
    7.1382716372E-07    -2.9442913075E-03
    7.1516142010E-07     2.1678088203E-03
    7.1649567649E-07     1.8434024020E-03
    7.1782993287E-07    -3.0478183799E-03
    7.1916418925E-07    -3.2404251398E-04
    7.2049844563E-07     3.1718924156E-03
    7.2183270201E-07    -1.2387263704E-03
    7.2316695839E-07    -2.5274685429E-03
    7.2450121477E-07     2.4680562854E-03
    7.2583547115E-07     1.2859358385E-03
    7.2716972753E-07    -3.0743929584E-03
    7.2850398391E-07     2.4120401123E-04
    7.2983824029E-07     2.9230642859E-03
    7.3117249667E-07    -1.6786162082E-03
    7.3250675306E-07    -2.0649469247E-03
    7.3384100944E-07     2.6785859069E-03
    7.3517526582E-07     7.2224802322E-04
    7.3650952220E-07    -3.0057269252E-03
    7.3784377858E-07     7.6787620610E-04
    7.3917803496E-07     2.5936976894E-03
    7.4051229134E-07    -2.0382018107E-03
    7.4184654772E-07    -1.5591708955E-03
    7.4318080410E-07     2.7831800716E-03
    7.4451506048E-07     1.6934696057E-04
    7.4584931686E-07    -2.8336326674E-03
    7.4718357324E-07     1.2281008382E-03
    7.4851782962E-07     2.1950411347E-03
    7.4985208601E-07    -2.2933604973E-03
    7.5118634239E-07    -1.0406142864E-03
    7.5252059877E-07     2.7774463148E-03
    7.5385485515E-07    -3.3687400524E-04
    7.5518911153E-07    -2.5790992915E-03
    7.5652336791E-07     1.5998609707E-03
    7.5785762429E-07     1.7636268295E-03
    7.5919188067E-07    -2.4478439157E-03
    7.6052613705E-07    -5.4183014543E-04
    7.6186039343E-07     2.6871374846E-03
    7.6319464981E-07    -7.8394290165E-04
    7.6452890619E-07    -2.2735151565E-03
    7.6586316257E-07     1.8930825532E-03
    7.6719741896E-07     1.3194147979E-03
    7.6853167534E-07    -2.5226210980E-03
    7.6986593172E-07    -6.4929093731E-05
    7.7120018810E-07     2.5289686594E-03
    7.7253444448E-07    -1.1808540939E-03
    7.7386870086E-07    -1.9214414333E-03
    7.7520295724E-07     2.1151613320E-03
    7.7653721362E-07     8.5899704165E-04
    7.7787147000E-07    -2.5158028214E-03
    7.7920572638E-07     3.9019412002E-04
    7.8053998276E-07     2.2955112999E-03
    7.8187423914E-07    -1.5168261494E-03
    7.8320849553E-07    -1.5217140757E-03
    7.8454275191E-07     2.2483848275E-03
    7.8587700829E-07     3.9656251834E-04
    7.8721126467E-07    -2.4162512297E-03
    7.8854552105E-07     7.9689270810E-04
    7.8987977743E-07     1.9945469720E-03
    7.9121403381E-07    -1.7672394445E-03
    7.9254829019E-07    -1.1016268342E-03
    7.9388254657E-07     2.2862969184E-03
    7.9521680295E-07    -3.4172605663E-05
    7.9655105933E-07    -2.2417101634E-03
    7.9788531571E-07     1.1335920821E-03
    7.9921957209E-07     1.6591276988E-03
    8.0055382848E-07    -1.9343525545E-03
    8.0188808486E-07    -6.9122154731E-04
    8.0322234124E-07     2.2519319381E-03
    8.0455659762E-07    -4.2169219308E-04
    8.0589085400E-07    -2.0206023077E-03
    8.0722511038E-07     1.4097562927E-03
    8.0855936676E-07     1.3065871002E-03
    8.0989362314E-07    -2.0374959599E-03
    8.1122787952E-07    -2.9074641910E-04
    8.1256213590E-07     2.1594424250E-03
    8.1389639228E-07    -7.7557480345E-04
    8.1523064866E-07    -1.7546407915E-03
    8.1656490505E-07     1.6319049102E-03
    8.1789916143E-07     9.3120854913E-04
    8.1923341781E-07    -2.0728564478E-03
    8.2056767419E-07     1.0126635402E-04
    8.2190193057E-07     1.9989082783E-03
    8.2323618695E-07    -1.0853319252E-03
    8.2457044333E-07    -1.4399167023E-03
    8.2590469971E-07     1.7812996092E-03
    8.2723895609E-07     5.4476671048E-04
    8.2857321247E-07    -2.0268882700E-03
    8.2990746885E-07     4.5934075892E-04
    8.3124172523E-07     1.7750081655E-03
    8.3257598161E-07    -1.3258049740E-03
    8.3391023800E-07    -1.1009809146E-03
    8.3524449438E-07     1.8495598181E-03
    8.3657875076E-07     1.7926692452E-04
    8.3791300714E-07    -1.9146168535E-03
    8.3924726352E-07     7.6229006525E-04
    8.4058151990E-07     1.5178475659E-03
    8.4191577628E-07    -1.4981300211E-03
    8.4325003266E-07    -7.6548446507E-04
    8.4458428904E-07     1.8573045691E-03
    8.4591854542E-07    -1.5480008238E-04
    8.4725280180E-07    -1.7616288959E-03
    8.4858705818E-07     1.0191011250E-03
    8.4992131456E-07     1.2423846360E-03
    8.5125557095E-07    -1.6201471563E-03
    8.5258982733E-07    -4.3207476834E-04
    8.5392408371E-07     1.8165946686E-03
    8.5525834009E-07    -4.6774922400E-04
    8.5659259647E-07    -1.5671534922E-03
    8.5792685285E-07     1.2358852904E-03
    8.5926110923E-07     9.4053244708E-04
    8.6059536561E-07    -1.6864226994E-03
    8.6192962199E-07    -9.7738359757E-05
    8.6326387837E-07     1.7151613496E-03
    8.6459813475E-07    -7.4949042680E-04
    8.6593239113E-07    -1.3247977555E-03
    8.6726664752E-07     1.3932003032E-03
    8.6860090390E-07     6.2182749033E-04
    8.6993516028E-07    -1.6816098451E-03
    8.7126941666E-07     2.1352838986E-04
    8.7260367304E-07     1.5549762397E-03
    8.7393792942E-07    -9.7490942268E-04
    8.7527218580E-07    -1.0563242424E-03
    8.7660644218E-07     1.4811460817E-03
    8.7794069856E-07     3.1641324663E-04
    8.7927495494E-07    -1.6183215309E-03
    8.8060921132E-07     4.8107680951E-04
    8.8194346770E-07     1.3636268454E-03
    8.8327772408E-07    -1.1444922416E-03
    8.8461198047E-07    -7.8723587604E-04
    8.8594623685E-07     1.5186821697E-03
    8.8728049323E-07     3.3448737176E-05
    8.8861474961E-07    -1.5198095708E-03
    8.8994900599E-07     7.1397755734E-04
    8.9128326237E-07     1.1538014762E-03
    8.9261751875E-07    -1.2750197472E-03
    8.9395177513E-07    -5.1461585116E-04
    8.9528603151E-07     1.5162323524E-03
    8.9662028789E-07    -2.3816107354E-04
    8.9795454427E-07    -1.3834499140E-03
    8.9928880065E-07     9.1841760653E-04
    9.0062305704E-07     9.1543507025E-04
    9.0195731342E-07    -1.3602265227E-03
    9.0329156980E-07    -2.3374195926E-04
    9.0462582618E-07     1.4597396743E-03
    9.0596008256E-07    -4.8911440614E-04
    9.0729433894E-07    -1.2006406579E-03
    9.0862859532E-07     1.0745845802E-03
    9.0996285170E-07     6.5610412028E-04
    9.1129710808E-07    -1.3834719809E-03
    9.1263136446E-07     3.2734069072E-05
    9.1396562084E-07     1.3492180613E-03
    9.1529987722E-07    -6.9472729342E-04
    9.1663413360E-07    -9.9085280557E-04
    9.1796838999E-07     1.1717478205E-03
    9.1930264637E-07     4.0408527994E-04
    9.2063690275E-07    -1.3554592326E-03
    9.2197115913E-07     2.6486577136E-04
    9.2330541551E-07     1.2100883674E-03
    9.2463967189E-07    -8.5499137220E-04
    9.2597392827E-07    -7.7789000839E-04
    9.2730818465E-07     1.2276561019E-03
    9.2864244103E-07     1.6748565132E-04
    9.2997669741E-07    -1.2978339734E-03
    9.3131095379E-07     4.7205739702E-04
    9.3264521017E-07     1.0532578447E-03
    9.3397946655E-07    -9.8613116546E-04
    9.3531372294E-07    -5.5736204079E-04
    9.3664797932E-07     1.2514448253E-03
    9.3798223570E-07    -6.5532951547E-05
    9.3931649208E-07    -1.2064533706E-03
    9.4065074846E-07     6.6054994881E-04
    9.4198500484E-07     8.6720323020E-04
    9.4331926122E-07    -1.0814005115E-03
    9.4465351760E-07    -3.2317749922E-04
    9.4598777398E-07     1.2278991244E-03
    9.4732203036E-07    -2.8661276952E-04
    9.4865628674E-07    -1.0709059765E-03
    9.4999054312E-07     8.1049133662E-04
    9.5132479951E-07     6.5765049274E-04
    9.5265905589E-07    -1.1230575045E-03
    9.5399331227E-07    -9.6796711565E-05
    9.5532756865E-07     1.1553596674E-03
    9.5666182503E-07    -4.7138533826E-04
    9.5799608141E-07    -9.0888001968E-04
    9.5933033779E-07     9.1061318626E-04
    9.6066459417E-07     4.5131085345E-04
    9.6199885055E-07    -1.1204152044E-03
    9.6333310693E-07     1.0267460596E-04
    9.6466736331E-07     1.0573559145E-03
    9.6600161969E-07    -6.1956479832E-04
    9.6733587607E-07    -7.4255793358E-04
    9.6867013246E-07     9.7753403503E-04
    9.7000438884E-07     2.5543864846E-04
    9.7133864522E-07    -1.0937614341E-03
    9.7267290160E-07     2.8484376933E-04
    9.7400715798E-07     9.4348238216E-04
    9.7534141436E-07    -7.4710058819E-04
    9.7667567074E-07    -5.6630375112E-04
    9.7800992712E-07     1.0195374551E-03
    9.7934418350E-07     5.7301770237E-05
    9.8067843988E-07    -1.0376146899E-03
    9.8201269626E-07     4.5615035775E-04
    9.8334695264E-07     8.0082770001E-04
    9.8468120902E-07    -8.4679849366E-04
    9.8601546541E-07    -3.7288978675E-04
    9.8734972179E-07     1.0205189100E-03
    9.8868397817E-07    -1.3558009492E-04
    9.9001823455E-07    -9.4020944226E-04
    9.9135249093E-07     5.9701095039E-04
    9.9268674731E-07     6.3343953606E-04
    9.9402100369E-07    -9.0021346191E-04
    9.9535526007E-07    -1.8242719645E-04
    9.9668951645E-07     9.7728349799E-04
    9.9802377283E-07    -2.9924720422E-04
    9.9935802921E-07    -8.1755733726E-04
    1.0006922856E-06     6.9565353766E-04
    1.0020265420E-06     4.6673434156E-04
    1.0033607984E-06    -9.1558953353E-04
    1.0046950547E-06    -1.3255493493E-05
    1.0060293111E-06     9.1192819457E-04
    1.0073635675E-06    -4.3346893922E-04
    1.0086978239E-06    -6.9035859987E-04
    1.0100320803E-06     7.6792454517E-04
    1.0113663366E-06     3.0698386479E-04
    1.0127005930E-06    -9.1197333966E-04
    1.0140348494E-06     1.4445596549E-04
    1.0153691058E-06     8.3290657317E-04
    1.0167033622E-06    -5.5395048924E-04
    1.0180376185E-06    -5.5206000422E-04
    1.0193718749E-06     8.2162009366E-04
    1.0207061313E-06     1.4063624004E-04
    1.0220403877E-06    -8.8300747148E-04
    1.0233746441E-06     2.9766142175E-04
    1.0247089004E-06     7.2605265374E-04
    1.0260431568E-06    -6.5334136740E-04
    1.0273774132E-06    -3.9424247946E-04
    1.0287116696E-06     8.3985241038E-04
    1.0300459260E-06    -2.5549732547E-05
    1.0313801824E-06    -8.1582396718E-04
    1.0327144387E-06     4.2706311759E-04
    1.0340486951E-06     5.9412622784E-04
    1.0353829515E-06    -7.1288300631E-04
    1.0367172079E-06    -2.3575255032E-04
    1.0380514643E-06     8.1833719721E-04
    1.0393857206E-06    -1.6829596060E-04
    1.0407199770E-06    -7.2488271324E-04
    1.0420542334E-06     5.2058815962E-04
    1.0433884898E-06     4.6127429801E-04
    1.0447227462E-06    -7.3983461612E-04
    1.0460570025E-06    -9.4333413278E-05
    1.0473912589E-06     7.7804312885E-04
    1.0487255153E-06    -2.8742175168E-04
    1.0500597717E-06    -6.2981948801E-04
    1.0513940281E-06     5.9368758866E-04
    1.0527282844E-06     3.3287099087E-04
    1.0540625408E-06    -7.5238506145E-04
    1.0553967972E-06     4.0275372685E-05
    1.0567310536E-06     7.2637780796E-04
    1.0580653100E-06    -3.9847691802E-04
    1.0593995663E-06    -5.2326267761E-04
    1.0607338227E-06     6.5371517536E-04
    1.0620680791E-06     1.9479672594E-04
    1.0634023355E-06    -7.4363010342E-04
    1.0647365919E-06     1.7551214328E-04
    1.0660708483E-06     6.4833723783E-04
    1.0674051046E-06    -4.9429714952E-04
    1.0687393610E-06    -3.9567657769E-04
    1.0700736174E-06     6.8329943873E-04
    1.0714078738E-06     5.2914120254E-05
    1.0727421302E-06    -6.9966237555E-04
    1.0740763865E-06     2.9235197462E-04
    1.0754106429E-06     5.4555164480E-04
    1.0767448993E-06    -5.5583011383E-04
    1.0780791557E-06    -2.6494238542E-04
    1.0794134121E-06     6.7740813068E-04
    1.0807476684E-06    -7.0152979972E-05
    1.0820819248E-06    -6.3377247504E-04
    1.0834161812E-06     3.7873194887E-04
    1.0847504376E-06     4.4093711916E-04
    1.0860846940E-06    -5.8955809221E-04
    1.0874189503E-06    -1.4812639078E-04
    1.0887532067E-06     6.5590805017E-04
    1.0900874631E-06    -1.7418472472E-04
    1.0914217195E-06    -5.6472471719E-04
    1.0927559759E-06     4.4971294804E-04
    1.0940902322E-06     3.3928298415E-04
    1.0954244886E-06    -6.1315132682E-04
    1.0967587450E-06    -3.4544224016E-05
    1.0980930014E-06     6.2548371890E-04
    1.0994272578E-06    -2.7484569333E-04
    1.1007615142E-06    -4.8433035294E-04
    1.1020957705E-06     5.1232436443E-04
    1.1034300269E-06     2.2587731894E-04
    1.1047642833E-06    -6.1916247869E-04
    1.1060985397E-06     8.3576568170E-05
    1.1074327961E-06     5.7052410308E-04
    1.1087670524E-06    -3.6516792948E-04
    1.1101013088E-06    -3.8225148034E-04
    1.1114355652E-06     5.4905397855E-04
    1.1127698216E-06     1.0566273510E-04
    1.1141040780E-06    -5.9291160291E-04
    1.1154383343E-06     1.8771624854E-04
    1.1167725907E-06     4.9150912886E-04
    1.1181068471E-06    -4.2585705989E-04
    1.1194411035E-06    -2.7543209117E-04
    1.1207753599E-06     5.5412742707E-04
    1.1221096162E-06     7.9386211848E-07
    1.1234438726E-06    -5.4679005582E-04
    1.1247781290E-06     2.6586090443E-04
    1.1261123854E-06     4.1041909827E-04
    1.1274466418E-06    -4.6296146270E-04
    1.1287808982E-06    -1.8020207667E-04
    1.1301151545E-06     5.4651523226E-04
    1.1314494109E-06    -8.8660664760E-05
    1.1327836673E-06    -4.9865411975E-04
    1.1341179237E-06     3.3267162625E-04
    1.1354521801E-06     3.3154058785E-04
    1.1367864364E-06    -4.9364695377E-04
    1.1381206928E-06    -8.5665843682E-05
    1.1394549492E-06     5.3248107022E-04
    1.1407892056E-06    -1.7854428703E-04
    1.1421234620E-06    -4.3976745699E-04
    1.1434577183E-06     3.9517765547E-04
    1.1447919747E-06     2.3949344846E-04
    1.1461262311E-06    -5.1006879520E-04
    1.1474604875E-06     1.6412120653E-05
    1.1487947439E-06     4.9577612485E-04
    1.1501290002E-06    -2.6201867576E-04
    1.1514632566E-06    -3.5913889125E-04
    1.1527975130E-06     4.3576323823E-04
    1.1541317694E-06     1.3853482903E-04
    1.1554660258E-06    -4.9710947132E-04
    1.1568002821E-06     1.0810820300E-04
    1.1581345385E-06     4.3597041103E-04
    1.1594687949E-06    -3.1984516048E-04
    1.1608030513E-06    -2.7269224445E-04
    1.1621373077E-06     4.4800343670E-04
    1.1634715641E-06     5.0283359464E-05
    1.1648058204E-06    -4.6624368008E-04
    1.1661400768E-06     1.7734611126E-04
    1.1674743332E-06     3.7431425036E-04
    1.1688085896E-06    -3.5770255631E-04
    1.1701428460E-06    -1.9625593345E-04
    1.1714771023E-06     4.5031667975E-04
    1.1728113587E-06    -2.5457260354E-05
    1.1741456151E-06    -4.3461196318E-04
    1.1754798715E-06     2.3863673344E-04
    1.1768141279E-06     3.1450564015E-04
    1.1781483842E-06    -3.9227906551E-04
    1.1794826406E-06    -1.1872635729E-04
    1.1808168970E-06     4.4854008327E-04
    1.1821511534E-06    -1.0455244273E-04
    1.1834854098E-06    -3.9318569371E-04
    1.1848196661E-06     2.9909440277E-04
    1.1861539225E-06     2.4072317106E-04
    1.1874881789E-06    -4.1566565510E-04
    1.1888224353E-06    -3.1283818000E-05
    1.1901566917E-06     4.2593060604E-04
    1.1914909480E-06    -1.8048268391E-04
    1.1928252044E-06    -3.3024470522E-04
    1.1941594608E-06     3.4096873378E-04
    1.1954937172E-06     1.5661464222E-04
    1.1968279736E-06    -4.1232759198E-04
    1.1981622300E-06     4.8561791941E-05
    1.1994964863E-06     3.8144225094E-04
    1.2008307427E-06    -2.3417922804E-04
    1.2021649991E-06    -2.6089332411E-04
    1.2034992555E-06     3.5749633173E-04
    1.2048335119E-06     8.3129680814E-05
    1.2061677682E-06    -3.9291130780E-04
    1.2075020246E-06     1.0880285295E-04
    1.2088362810E-06     3.3552626163E-04
    1.2101705374E-06    -2.7087041441E-04
    1.2115047938E-06    -2.0059274484E-04
    1.2128390501E-06     3.6658906170E-04
    1.2141733065E-06     1.9993208081E-05
    1.2155075629E-06    -3.7414736665E-04
    1.2168418193E-06     1.6393623287E-04
    1.2181760757E-06     2.9145019644E-04
    1.2195103320E-06    -3.0703749078E-04
    1.2208445884E-06    -1.3789331525E-04
    1.2221788448E-06     3.7368344906E-04
    1.2235131012E-06    -4.8743510300E-05
    1.2248473576E-06    -3.4666201439E-04
    1.2261816139E-06     2.2103738240E-04
    1.2275158703E-06     2.3314155372E-04
    1.2288501267E-06    -3.3478224921E-04
    1.2301843831E-06    -6.3572352213E-05
    1.2315186395E-06     3.6185242034E-04
    1.2328528959E-06    -1.1703419419E-04
    1.2341871522E-06    -2.9812298407E-04
    1.2355214086E-06     2.6244807872E-04
    1.2368556650E-06     1.6350544855E-04
    1.2381899214E-06    -3.3813017418E-04
    1.2395241778E-06     5.2702562762E-06
    1.2408584341E-06     3.2941217346E-04
    1.2421926905E-06    -1.6583856607E-04
    1.2435269469E-06    -2.4304693556E-04
    1.2448612033E-06     2.8118057417E-04
    1.2461954597E-06     1.0297677677E-04
    1.2475297160E-06    -3.2720067264E-04
    1.2488639724E-06     5.6871584526E-05
    1.2501982288E-06     2.9608006788E-04
    1.2515324852E-06    -2.0011180385E-04
    1.2528667416E-06    -1.9639974597E-04
    1.2542009979E-06     2.9457135997E-04
    1.2555352543E-06     5.1265498788E-05
    1.2568695107E-06    -3.1832360130E-04
    1.2582037671E-06     1.0556647364E-04
    1.2595380235E-06     2.6494992702E-04
    1.2608722798E-06    -2.3627116582E-04
    1.2622065362E-06    -1.4650795160E-04
    1.2635407926E-06     3.0793171735E-04
    1.2648750490E-06    -7.8422757153E-06
    1.2662093054E-06    -3.0179572162E-04
    1.2675435618E-06     1.5850551369E-04
    1.2688778181E-06     2.1959514556E-04
    1.2702120745E-06    -2.6632590425E-04
    1.2715463309E-06    -8.3873069561E-05
    1.2728805873E-06     3.0420371795E-04
    1.2742148437E-06    -6.8630306107E-05
    1.2755491000E-06    -2.6495030983E-04
    1.2768833564E-06     1.9829548865E-04
    1.2782176128E-06     1.6226720040E-04
    1.2795518692E-06    -2.7410995932E-04
    1.2808861256E-06    -2.5002047557E-05
    1.2822203819E-06     2.8103961871E-04
    1.2835546383E-06    -1.1214071956E-04
    1.2848888947E-06    -2.2164792875E-04
    1.2862231511E-06     2.1760674978E-04
    1.2875574075E-06     1.1305917208E-04
    1.2888916638E-06    -2.6931217731E-04
    1.2902259202E-06     1.8465646879E-05
    1.2915601766E-06     2.5770170650E-04
    1.2928944330E-06    -1.4325320332E-04
    1.2942286894E-06    -1.8640196734E-04
    1.2955629457E-06     2.3340307634E-04
    1.2968972021E-06     7.1491353119E-05
    1.2982314585E-06    -2.6779140588E-04
    1.2995657149E-06     6.0690732498E-05
    1.3008999713E-06     2.3707941122E-04
    1.3022342277E-06    -1.7819236663E-04
    1.3035684840E-06    -1.4752616987E-04
    1.3049027404E-06     2.5100125564E-04
    1.3062369968E-06     2.1184836896E-05
    1.3075712532E-06    -2.5978350109E-04
    1.3089055096E-06     1.0910612596E-04
    1.3102397659E-06     2.0239387685E-04
    1.3115740223E-06    -2.0902070636E-04
    1.3129082787E-06    -9.5100866220E-05
    1.3142425351E-06     2.5311498320E-04
    1.3155767915E-06    -3.2398553922E-05
    1.3169110478E-06    -2.3230614812E-04
    1.3182453042E-06     1.4645990865E-04
    1.3195795606E-06     1.5548393355E-04
    1.3209138170E-06    -2.1955058590E-04
    1.3222480734E-06    -4.5106874248E-05
    1.3235823297E-06     2.3698170678E-04
    1.3249165861E-06    -7.0598154651E-05
    1.3262508425E-06    -1.9852366374E-04
    1.3275850989E-06     1.6516993966E-04
    1.3289193553E-06     1.1598622557E-04
    1.3302536117E-06    -2.1892540467E-04
    1.3315878680E-06    -9.1839972462E-06
    1.3329221244E-06     2.2147010070E-04
    1.3342563808E-06    -9.8110997483E-05
    1.3355906372E-06    -1.7274571016E-04
    1.3369248936E-06     1.8202400377E-04
    1.3382591499E-06     8.3255605173E-05
    1.3395934063E-06    -2.2274019104E-04
    1.3409276627E-06     2.6860034951E-05
    1.3422619191E-06     2.0918369222E-04
    1.3435961755E-06    -1.3099171462E-04
    1.3449304318E-06    -1.4319981445E-04
    1.3462646882E-06     2.0221738959E-04
    1.3475989446E-06     4.0918526411E-05
    1.3489332010E-06    -2.2127393449E-04
    1.3502674574E-06     7.0652224358E-05
    1.3516017137E-06     1.8324183883E-04
    1.3529359701E-06    -1.6157154146E-04
    1.3542702265E-06    -9.9531459768E-05
    1.3556044829E-06     2.0839654564E-04
    1.3569387393E-06    -5.9999958849E-06
    1.3582729956E-06    -2.0112348014E-04
    1.3596072520E-06     1.0504677264E-04
    1.3609415084E-06     1.4504669954E-04
    1.3622757648E-06    -1.7352236317E-04
    1.3636100212E-06    -5.7396708108E-05
    1.3649442776E-06     1.9753323316E-04
    1.3662785339E-06    -3.9084756657E-05
    1.3676127903E-06    -1.7499250753E-04
    1.3689470467E-06     1.2244004559E-04
    1.3702813031E-06     1.1371943543E-04
    1.3716155595E-06    -1.7554955447E-04
    1.3729498158E-06    -2.8279843407E-05
    1.3742840722E-06     1.8797723764E-04
    1.3756183286E-06    -6.2765189051E-05
    1.3769525850E-06    -1.5700547393E-04
    1.3782868414E-06     1.3933680432E-04
    1.3796210977E-06     8.8667297683E-05
    1.3809553541E-06    -1.8316578237E-04
    1.3822896105E-06     2.0304348131E-06
    1.3836238669E-06     1.8224783500E-04
    1.3849581233E-06    -9.3150316438E-05
    1.3862923796E-06    -1.3520889790E-04
    1.3876266360E-06     1.6085698208E-04
    1.3889608924E-06     5.3409083851E-05
    1.3902951488E-06    -1.8655970334E-04
    1.3916294052E-06     4.1220577435E-05
    1.3929636615E-06     1.6343272437E-04
    1.3942979179E-06    -1.2275508723E-04
    1.3956321743E-06    -9.9042253660E-05
    1.3969664307E-06     1.6979257057E-04
    1.3983006871E-06     1.2505622064E-05
    1.3996349435E-06    -1.7207252931E-04
    1.4009691998E-06     7.2461076076E-05
    1.4023034562E-06     1.3237972023E-04
    1.4036377126E-06    -1.3510647408E-04
    1.4049719690E-06    -6.3768307187E-05
    1.4063062254E-06     1.6272347367E-04
    1.4076404817E-06    -1.5706215804E-05
    1.4089747381E-06    -1.5206642841E-04
    1.4103089945E-06     8.8080432492E-05
    1.4116432509E-06     1.0791081913E-04
    1.4129775073E-06    -1.3870343157E-04
    1.4143117636E-06    -4.0643393910E-05
    1.4156460200E-06     1.5759543677E-04
    1.4169802764E-06    -3.5574794300E-05
    1.4183145328E-06    -1.4034060498E-04
    1.4196487892E-06     1.0424215104E-04
    1.4209830455E-06     8.9463455614E-05
    1.4223173019E-06    -1.4885962852E-04
    1.4236515583E-06    -1.5629954602E-05
    1.4249858147E-06     1.5700225071E-04
    1.4263200711E-06    -6.3253075634E-05
    1.4276543274E-06    -1.2495378800E-04
    1.4289885838E-06     1.2622206543E-04
    1.4303228402E-06     6.0345140532E-05
    1.4316570966E-06    -1.5573542623E-04
    1.4329913530E-06     1.9164038399E-05
    1.4343256094E-06     1.4385513082E-04
    1.4356598657E-06    -9.1332508095E-05
    1.4369941221E-06    -9.5174397116E-05
    1.4383283785E-06     1.3686799201E-04
    1.4396626349E-06     2.4859558013E-05
    1.4409968913E-06    -1.4561507739E-04
    1.4423311476E-06     4.7258535185E-05
    1.4436654040E-06     1.1861021990E-04
    1.4449996604E-06    -1.0342185245E-04
