    1.0006922856E-09     0.0000000000E+00
    2.0013845712E-09     0.0000000000E+00
    3.0020768568E-09    -3.2198283407E-07
    4.0027691424E-09    -2.0307785685E-05
    5.0034614280E-09    -5.6508533465E-04
    6.0041537136E-09    -7.1052913166E-03
    7.0048459992E-09    -4.1441191836E-02
    8.0055382848E-09    -1.1521383878E-01
    9.0062305704E-09    -1.4369999271E-01
    1.0006922856E-08    -1.0735588129E-02
    1.1007615142E-08     2.0631627170E-01
    1.2008307427E-08     2.5713806687E-01
    1.3008999713E-08     4.6513052868E-02
    1.4009691998E-08    -1.9454960605E-01
    1.5010384284E-08    -1.7983781999E-01
    1.6011076570E-08     5.9953264900E-02
    1.7011768855E-08     2.1188933178E-01
    1.8012461141E-08     8.7373796156E-02
    1.9013153426E-08    -1.3923216014E-01
    2.0013845712E-08    -1.7215053187E-01
    2.1014537997E-08     1.6554418528E-02
    2.2015230283E-08     1.6701556953E-01
    2.3015922569E-08     8.8475092194E-02
    2.4016614854E-08    -9.6936028360E-02
    2.5017307140E-08    -1.3709459924E-01
    2.6017999425E-08     9.3015692585E-03
    2.7018691711E-08     1.3438804225E-01
    2.8019383997E-08     7.4261369443E-02
    2.9020076282E-08    -7.9089088363E-02
    3.0020768568E-08    -1.2177077080E-01
    3.1021460853E-08    -1.7433823681E-02
    3.2022153139E-08     7.2989475613E-02
    3.3022845425E-08     3.0861404272E-02
    3.4023537710E-08    -5.9059838630E-02
    3.5024229996E-08    -4.3966004257E-02
    3.6024922281E-08     6.8966810780E-02
    3.7025614567E-08     1.1689928684E-01
    3.8026306853E-08     1.0633219424E-02
    3.9026999138E-08    -1.3136867704E-01
    4.0027691424E-08    -1.3076194271E-01
    4.1028383709E-08     1.8824716743E-02
    4.2029075995E-08     1.4240265661E-01
    4.3029768281E-08     1.0299197220E-01
    4.4030460566E-08    -3.7857834944E-02
    4.5031152852E-08    -1.1216739437E-01
    4.6031845137E-08    -5.2969554510E-02
    4.7032537423E-08     4.5925119151E-02
    4.8033229709E-08     6.6377281226E-02
    4.9033921994E-08     4.3852906155E-03
    5.0034614280E-08    -5.0359672663E-02
    5.1035306565E-08    -3.4781638749E-02
    5.2035998851E-08     2.7264348376E-02
    5.3036691137E-08     7.1492957546E-02
    5.4037383422E-08     6.0649448189E-02
    5.5038075708E-08     1.8522349475E-03
    5.6038767993E-08    -6.8206590750E-02
    5.7039460279E-08    -9.7938651536E-02
    5.8040152564E-08    -5.0157510231E-02
    5.9040844850E-08     5.0124491190E-02
    6.0041537136E-08     1.1104192500E-01
    6.1042229421E-08     5.9418747404E-02
    6.2042921707E-08    -6.0242945126E-02
    6.3043613992E-08    -1.1139403087E-01
    6.4044306278E-08    -2.0468471422E-02
    6.5044998564E-08     1.1787226915E-01
    6.6045690849E-08     1.3620671964E-01
    6.7046383135E-08    -3.9279019303E-03
    6.8047075420E-08    -1.5282194938E-01
    6.9047767706E-08    -1.4353431959E-01
    7.0048459992E-08     9.8902785263E-03
    7.1049152277E-08     1.3247139876E-01
    7.2049844563E-08     9.9869194263E-02
    7.3050536848E-08    -2.4209131310E-02
    7.4051229134E-08    -8.6856238793E-02
    7.5051921420E-08    -3.8216054373E-02
    7.6052613705E-08     3.0387762565E-02
    7.7053305991E-08     2.9566818924E-02
    7.8053998276E-08    -1.3256679542E-02
    7.9054690562E-08    -1.5793097755E-02
    8.0055382848E-08     2.7322416044E-02
    8.1056075133E-08     3.8774501595E-02
    8.2056767419E-08    -1.7350006806E-02
    8.3057459704E-08    -6.9289531463E-02
    8.4058151990E-08    -3.4026053884E-02
    8.5058844276E-08     5.6600456196E-02
    8.6059536561E-08     8.5304630247E-02
    8.7060228847E-08     5.6983860344E-03
    8.8060921132E-08    -8.6634434501E-02
    8.9061613418E-08    -7.3111833766E-02
    9.0062305704E-08     3.1798343881E-02
    9.1062997989E-08     9.6159555111E-02
    9.2063690275E-08     4.0188719317E-02
    9.3064382560E-08    -6.2392425594E-02
    9.4065074846E-08    -8.2294172966E-02
    9.5065767131E-08    -2.6462798121E-04
    9.6066459417E-08     7.4829965384E-02
    9.7067151703E-08     5.1146837905E-02
    9.8067843988E-08    -3.2509818227E-02
    9.9068536274E-08    -6.6618109416E-02
    1.0006922856E-07    -1.4598179889E-02
    1.0106992085E-07     4.8969353042E-02
    1.0207061313E-07     4.3746640170E-02
    1.0307130542E-07    -1.5232698180E-02
    1.0407199770E-07    -4.7778433353E-02
    1.0507268999E-07    -1.6766499177E-02
    1.0607338227E-07     3.1185698133E-02
    1.0707407456E-07     3.4738827379E-02
    1.0807476684E-07    -4.5663833813E-03
    1.0907545913E-07    -3.3431396168E-02
    1.1007615142E-07    -1.9034541897E-02
    1.1107684370E-07     1.5553142011E-02
    1.1207753599E-07     2.8097692637E-02
    1.1307822827E-07     8.3072674946E-03
    1.1407892056E-07    -1.7879145508E-02
    1.1507961284E-07    -2.3096149583E-02
    1.1608030513E-07    -4.9564800488E-03
    1.1708099741E-07     1.7633410993E-02
    1.1808168970E-07     2.3407567371E-02
    1.1908238199E-07     5.4030593617E-03
    1.2008307427E-07    -2.1258744151E-02
    1.2108376656E-07    -2.8344427271E-02
    1.2208445884E-07    -2.7015973625E-03
    1.2308515113E-07     3.1488526173E-02
    1.2408584341E-07     3.2165929579E-02
    1.2508653570E-07    -8.7877327668E-03
    1.2608722798E-07    -4.5197435836E-02
    1.2708792027E-07    -2.7518382482E-02
    1.2808861256E-07     2.9273704791E-02
    1.2908930484E-07     5.4410800495E-02
    1.3008999713E-07     9.8975366691E-03
    1.3109068941E-07    -5.2361722797E-02
    1.3209138170E-07    -5.0364336538E-02
    1.3309207398E-07     1.8912527572E-02
    1.3409276627E-07     6.7489959574E-02
    1.3509345856E-07     2.8692412375E-02
    1.3609415084E-07    -5.0172312230E-02
    1.3709484313E-07    -6.4787215169E-02
    1.3809553541E-07     7.0882470639E-03
    1.3909622770E-07     7.1103302950E-02
    1.4009691998E-07     4.0216163101E-02
    1.4109761227E-07    -4.5768296094E-02
    1.4209830455E-07    -7.0451802760E-02
    1.4309899684E-07     1.3124730206E-03
    1.4409968913E-07     7.2418465513E-02
    1.4510038141E-07     4.4162397078E-02
    1.4610107370E-07    -4.6585699646E-02
    1.4710176598E-07    -7.4577835325E-02
    1.4810245827E-07     1.6235771706E-03
    1.4910315055E-07     7.8685736956E-02
    1.5010384284E-07     4.8079295499E-02
    1.5110453512E-07    -5.1859300396E-02
    1.5210522741E-07    -8.3826232369E-02
    1.5310591970E-07     1.2707565915E-04
    1.5410661198E-07     8.7932394450E-02
    1.5510730427E-07     5.7524598012E-02
    1.5610799655E-07    -5.3685329309E-02
    1.5710868884E-07    -9.5029114647E-02
    1.5810938112E-07    -7.3321808466E-03
    1.5911007341E-07     9.2702921805E-02
    1.6011076570E-07     6.8493693270E-02
    1.6111145798E-07    -4.9294848027E-02
    1.6211215027E-07    -1.0154520079E-01
    1.6311284255E-07    -1.6408192613E-02
    1.6411353484E-07     9.1374182163E-02
    1.6511422712E-07     7.5364907886E-02
    1.6611491941E-07    -4.2909979177E-02
    1.6711561169E-07    -1.0257250756E-01
    1.6811630398E-07    -2.2564830611E-02
    1.6911699627E-07     8.7698009653E-02
    1.7011768855E-07     7.7859454689E-02
    1.7111838084E-07    -3.8005688614E-02
    1.7211907312E-07    -1.0119391271E-01
    1.7311976541E-07    -2.5837968358E-02
    1.7412045769E-07     8.4156536670E-02
    1.7512114998E-07     7.8328238909E-02
    1.7612184226E-07    -3.4336711577E-02
    1.7712253455E-07    -9.8982478294E-02
    1.7812322684E-07    -2.7884781684E-02
    1.7912391912E-07     8.0321548412E-02
    1.8012461141E-07     7.7529419380E-02
    1.8112530369E-07    -3.0836331904E-02
    1.8212599598E-07    -9.5315075611E-02
    1.8312668826E-07    -2.8763521864E-02
    1.8412738055E-07     7.5574594753E-02
    1.8512807283E-07     7.4628474942E-02
    1.8612876512E-07    -2.8001855054E-02
    1.8712945741E-07    -8.9859567303E-02
    1.8813014969E-07    -2.7425992368E-02
    1.8913084198E-07     7.0800575993E-02
    1.9013153426E-07     6.9419977285E-02
    1.9113222655E-07    -2.7073924818E-02
    1.9213291883E-07    -8.3714648419E-02
    1.9313361112E-07    -2.3662942849E-02
    1.9413430341E-07     6.7381123078E-02
    1.9513499569E-07     6.3055551964E-02
    1.9613568798E-07    -2.8346007422E-02
    1.9713638026E-07    -7.8320241726E-02
    1.9813707255E-07    -1.8544711451E-02
    1.9913776483E-07     6.5719188525E-02
    2.0013845712E-07     5.6931926157E-02
    2.0113914940E-07    -3.0925158371E-02
    2.0213984169E-07    -7.4168911001E-02
    2.0314053398E-07    -1.3329114946E-02
    2.0414122626E-07     6.5145872718E-02
    2.0514191855E-07     5.1581777241E-02
    2.0614261083E-07    -3.3758381142E-02
    2.0714330312E-07    -7.0807501985E-02
    2.0814399540E-07    -8.5247087081E-03
    2.0914468769E-07     6.4837372120E-02
    2.1014537997E-07     4.6712137259E-02
    2.1114607226E-07    -3.6425530983E-02
    2.1214676455E-07    -6.7625982356E-02
    2.1314745683E-07    -3.9160302036E-03
    2.1414814912E-07     6.4511234365E-02
    2.1514884140E-07     4.1880860105E-02
    2.1614953369E-07    -3.9150259847E-02
    2.1715022597E-07    -6.4502036023E-02
    2.1815091826E-07     8.3527083861E-04
    2.1915161055E-07     6.4468147159E-02
    2.2015230283E-07     3.7117251635E-02
    2.2115299512E-07    -4.2235599286E-02
    2.2215368740E-07    -6.1853034244E-02
    2.2315437969E-07     5.5832162635E-03
    2.2415507197E-07     6.5034504699E-02
    2.2515576426E-07     3.2961036669E-02
    2.2615645654E-07    -4.5469729749E-02
    2.2715714883E-07    -6.0065963946E-02
    2.2815784112E-07     9.6915805243E-03
    2.2915853340E-07     6.5986525144E-02
    2.3015922569E-07     2.9869747865E-02
    2.3115991797E-07    -4.8168337741E-02
    2.3216061026E-07    -5.8950407587E-02
    2.3316130254E-07     1.2648057845E-02
    2.3416199483E-07     6.6649754599E-02
    2.3516268711E-07     2.7715522683E-02
    2.3616337940E-07    -4.9798165900E-02
    2.3716407169E-07    -5.7896159992E-02
    2.3816476397E-07     1.4507193782E-02
    2.3916545626E-07     6.6511445651E-02
    2.4016614854E-07     2.5993696538E-02
    2.4116684083E-07    -5.0345889831E-02
    2.4216753311E-07    -5.6450641638E-02
    2.4316822540E-07     1.5644396545E-02
    2.4416891769E-07     6.5507512898E-02
    2.4516960997E-07     2.4343462544E-02
    2.4617030226E-07    -5.0051733024E-02
    2.4717099454E-07    -5.4523026402E-02
    2.4817168683E-07     1.6308113390E-02
    2.4917237911E-07     6.3752695777E-02
    2.5017307140E-07     2.2674132772E-02
    2.5117376368E-07    -4.9043221589E-02
    2.5217445597E-07    -5.2124845898E-02
    2.5317514826E-07     1.6562835505E-02
    2.5417584054E-07     6.1257350183E-02
    2.5517653283E-07     2.0925263969E-02
    2.5617722511E-07    -4.7337224746E-02
    2.5717791740E-07    -4.9165031906E-02
    2.5817860968E-07     1.6505258937E-02
    2.5917930197E-07     5.7977603895E-02
    2.6017999425E-07     1.8930508644E-02
    2.6118068654E-07    -4.5031691236E-02
    2.6218137883E-07    -4.5536752332E-02
    2.6318207111E-07     1.6343727880E-02
    2.6418276340E-07     5.3983565225E-02
    2.6518345568E-07     1.6529529166E-02
    2.6618414797E-07    -4.2341085092E-02
    2.6718484025E-07    -4.1263352084E-02
    2.6818553254E-07     1.6272136321E-02
    2.6918622482E-07     4.9462444808E-02
    2.7018691711E-07     1.3692931443E-02
    2.7118760940E-07    -3.9465335891E-02
    2.7218830168E-07    -3.6478993623E-02
    2.7318899397E-07     1.6364673722E-02
    2.7418968625E-07     4.4589637542E-02
    2.7519037854E-07     1.0488195684E-02
    2.7619107082E-07    -3.6502825420E-02
    2.7719176311E-07    -3.1306886792E-02
    2.7819245540E-07     1.6618758987E-02
    2.7919314768E-07     3.9458532206E-02
    2.8019383997E-07     6.9683035293E-03
    2.8119453225E-07    -3.3498179228E-02
    2.8219522454E-07    -2.5804655382E-02
    2.8319591682E-07     1.7054486121E-02
    2.8419660911E-07     3.4131003238E-02
    2.8519730139E-07     3.1313475042E-03
    2.8619799368E-07    -3.0530182090E-02
    2.8719868597E-07    -2.0016932331E-02
    2.8819937825E-07     1.7742676556E-02
    2.8920007054E-07     2.8716002738E-02
    2.9020076282E-07    -1.0246498254E-03
    2.9120145511E-07    -2.7730341369E-02
    2.9220214739E-07    -1.4047793400E-02
    2.9320283968E-07     1.8747973418E-02
    2.9420353196E-07     2.3382122110E-02
    2.9520422425E-07    -5.4325472959E-03
    2.9620491654E-07    -2.5224772619E-02
    2.9720560882E-07    -8.0706561457E-03
    2.9820630111E-07     2.0061104919E-02
    2.9920699339E-07     1.8299741760E-02
    3.0020768568E-07    -9.9463782381E-03
    3.0120837796E-07    -2.3067436421E-02
    3.0220907025E-07    -2.2723060333E-03
    3.0320976254E-07     2.1588028560E-02
    3.0421045482E-07     1.3575743373E-02
    3.0521114711E-07    -1.4394023727E-02
    3.0621183939E-07    -2.1227689459E-02
    3.0721253168E-07     3.2098501177E-03
    3.0821322396E-07     2.3198033007E-02
    3.0921391625E-07     9.2395605582E-03
    3.1021460853E-07    -1.8635906689E-02
    3.1121530082E-07    -1.9632541830E-02
    3.1221599311E-07     8.3026431775E-03
    3.1321668539E-07     2.4776375711E-02
    3.1421737768E-07     5.2785134982E-03
    3.1521806996E-07    -2.2579448765E-02
    3.1621876225E-07    -1.8211034471E-02
    3.1721945453E-07     1.2969051338E-02
    3.1822014682E-07     2.6236368289E-02
    3.1922083910E-07     1.6722685398E-03
    3.2022153139E-07    -2.6157435126E-02
    3.2122222368E-07    -1.6901933527E-02
    3.2222291596E-07     1.7184093420E-02
    3.2322360825E-07     2.7502553317E-02
    3.2422430053E-07    -1.6051623289E-03
    3.2522499282E-07    -2.9313363261E-02
    3.2622568510E-07    -1.5639895647E-02
    3.2722637739E-07     2.0938705051E-02
    3.2822706967E-07     2.8503746206E-02
    3.2922776196E-07    -4.5976528663E-03
    3.3022845425E-07    -3.2010413286E-02
    3.3122914653E-07    -1.4354255096E-02
    3.3222983882E-07     2.4251133089E-02
    3.3323053110E-07     2.9185891215E-02
    3.3423122339E-07    -7.3641608514E-03
    3.3523191567E-07    -3.4242423087E-02
    3.3623260796E-07    -1.2984537185E-02
    3.3723330025E-07     2.7161704665E-02
    3.3823399253E-07     2.9522958102E-02
    3.3923468482E-07    -9.9618572762E-03
    3.4023537710E-07    -3.6027841385E-02
    3.4123606939E-07    -1.1491389354E-02
    3.4223676167E-07     2.9716187361E-02
    3.4323745396E-07     2.9511496781E-02
    3.4423814624E-07    -1.2435645154E-02
    3.4523883853E-07    -3.7395026633E-02
    3.4623953082E-07    -9.8524385934E-03
    3.4724022310E-07     3.1956852841E-02
    3.4824091539E-07     2.9159126727E-02
    3.4924160767E-07    -1.4821271958E-02
    3.5024229996E-07    -3.8376065327E-02
    3.5124299224E-07    -8.0542814404E-03
    3.5224368453E-07     3.3925516612E-02
    3.5324437681E-07     2.8481805124E-02
    3.5424506910E-07    -1.7150476413E-02
    3.5524576139E-07    -3.9010748005E-02
    3.5624645367E-07    -6.0930695029E-03
    3.5724714596E-07     3.5666926631E-02
    3.5824783824E-07     2.7509264125E-02
    3.5924853053E-07    -1.9447828059E-02
    3.6024922281E-07    -3.9349169134E-02
    3.6124991510E-07    -3.9813986390E-03
    3.6225060739E-07     3.7223858260E-02
    3.6325129967E-07     2.6287429328E-02
    3.6425199196E-07    -2.1722557773E-02
    3.6525268424E-07    -3.9445715873E-02
    3.6625337653E-07    -1.7510407769E-03
    3.6725406881E-07     3.8627742070E-02
    3.6825476110E-07     2.4871952239E-02
    3.6925545338E-07    -2.3964895337E-02
    3.7025614567E-07    -3.9348689416E-02
    3.7125683796E-07     5.5304991230E-04
    3.7225753024E-07     3.9893547132E-02
    3.7325822253E-07     2.3317495022E-02
    3.7425891481E-07    -2.6150538446E-02
    3.7525960710E-07    -3.9093754234E-02
    3.7626029938E-07     2.8826679840E-03
    3.7726099167E-07     4.1022053172E-02
    3.7826168395E-07     2.1670485581E-02
    3.7926237624E-07    -2.8248686957E-02
    3.8026306853E-07    -3.8704109804E-02
    3.8126376081E-07     5.1931432977E-03
    3.8226445310E-07     4.2005436210E-02
    3.8326514538E-07     1.9967991527E-02
    3.8426583767E-07    -3.0227409027E-02
    3.8526652995E-07    -3.8193849650E-02
    3.8626722224E-07     7.4447741945E-03
    3.8726791453E-07     4.2830881140E-02
    3.8826860681E-07     1.8239519233E-02
    3.8926929910E-07    -3.2054756758E-02
    3.9026999138E-07    -3.7570008448E-02
    3.9127068367E-07     9.6020294885E-03
    3.9227137595E-07     4.3481197197E-02
    3.9327206824E-07     1.6507730767E-02
    3.9427276052E-07    -3.3698706136E-02
    3.9527345281E-07    -3.6832561835E-02
    3.9627414510E-07     1.1634115564E-02
    3.9727483738E-07     4.3935233111E-02
    3.9827552967E-07     1.4787524690E-02
    3.9927622195E-07    -3.5128906302E-02
    4.0027691424E-07    -3.5974774438E-02
    4.0127760652E-07     1.3517102462E-02
    4.0227829881E-07     4.4170322825E-02
    4.0327899109E-07     1.3085633216E-02
    4.0427968338E-07    -3.6319895537E-02
    4.0528037567E-07    -3.4985495384E-02
    4.0628106795E-07     1.5235473830E-02
    4.0728176024E-07     4.4165925993E-02
    4.0828245252E-07     1.1401964601E-02
    4.0928314481E-07    -3.7253578072E-02
    4.1028383709E-07    -3.3852302902E-02
    4.1128452938E-07     1.6782015524E-02
    4.1228522166E-07     4.3906300886E-02
    4.1328591395E-07     9.7316298228E-03
    4.1428660624E-07    -3.7919981134E-02
    4.1528729852E-07    -3.2563657147E-02
    4.1628799081E-07     1.8156914561E-02
    4.1728868309E-07     4.3381538164E-02
    4.1828937538E-07     8.0663268844E-03
    4.1929006766E-07    -3.8317123552E-02
    4.2029075995E-07    -3.1109900654E-02
    4.2129145224E-07     1.9367010725E-02
    4.2229214452E-07     4.2587978450E-02
    4.2329283681E-07     6.3953281287E-03
    4.2429352909E-07    -3.8450834414E-02
    4.2529422138E-07    -2.9484284683E-02
    4.2629491366E-07     2.0424848368E-02
    4.2729560595E-07     4.1528806918E-02
    4.2829629823E-07     4.7071479263E-03
    4.2929699052E-07    -3.8334189551E-02
    4.3029768281E-07    -2.7684591657E-02
    4.3129837509E-07     2.1346697524E-02
    4.3229906738E-07     4.0214399297E-02
    4.3329975966E-07     2.9920939967E-03
    4.3430045195E-07    -3.7985904730E-02
    4.3530114423E-07    -2.5714670506E-02
    4.3630183652E-07     2.2149677772E-02
    4.3730252880E-07     3.8661724988E-02
    4.3830322109E-07     1.2447006331E-03
    4.3930391338E-07    -3.7427942374E-02
    4.4030460566E-07    -2.3584973585E-02
    4.4130529795E-07     2.2849148953E-02
    4.4230599023E-07     3.6892902898E-02
    4.4330668252E-07    -5.3504250451E-04
    4.4430737480E-07    -3.6683339956E-02
    4.4530806709E-07    -2.1311951356E-02
    4.4630875938E-07     2.3457342211E-02
    4.4730945166E-07     3.4933600182E-02
    4.4831014395E-07    -2.3418194892E-03
    4.4931083623E-07    -3.5774916006E-02
    4.5031152852E-07    -1.8916850899E-02
    4.5131222080E-07     2.3983169532E-02
    4.5231291309E-07     3.2811736992E-02
    4.5331360537E-07    -4.1658357054E-03
    4.5431429766E-07    -3.4724648610E-02
    4.5531498995E-07    -1.6424428738E-02
    4.5631568223E-07     2.4432489731E-02
    4.5731637452E-07     3.0556372769E-02
    4.5831706680E-07    -5.9937742980E-03
    4.5931775909E-07    -3.3553109549E-02
    4.6031845137E-07    -1.3861641706E-02
    4.6131914366E-07     2.4808259705E-02
    4.6231983594E-07     2.8196417960E-02
    4.6332052823E-07    -7.8096846261E-03
    4.6432122052E-07    -3.2278615921E-02
    4.6532191280E-07    -1.1256222187E-02
    4.6632260509E-07     2.5110498460E-02
    4.6732329737E-07     2.5759158392E-02
    4.6832398966E-07    -9.5958454952E-03
    4.6932468194E-07    -3.0916317305E-02
    4.7032537423E-07    -8.6352824807E-03
    4.7132606651E-07     2.5336318520E-02
    4.7232675880E-07     2.3269008429E-02
    4.7332745109E-07    -1.1333605561E-02
    4.7432814337E-07    -2.9477681387E-02
    4.7532883566E-07    -6.0242556263E-03
    4.7632952794E-07     2.5480253320E-02
    4.7733022023E-07     2.0746888212E-02
    4.7833091251E-07    -1.3004143816E-02
    4.7933160480E-07    -2.7970607461E-02
    4.8033229709E-07    -3.4463193951E-03
    4.8133298937E-07     2.5534907377E-02
    4.8233368166E-07     1.8210253057E-02
    4.8333437394E-07    -1.4589149429E-02
    4.8433506623E-07    -2.6400069929E-02
    4.8533575851E-07    -9.2216485112E-04
    4.8633645080E-07     2.5491873925E-02
    4.8733714308E-07     1.5673515799E-02
    4.8833783537E-07    -1.6071550449E-02
    4.8933852766E-07    -2.4769074628E-02
    4.9033921994E-07     1.5301794277E-03
    4.9133991223E-07     2.5342871549E-02
    4.9234060451E-07     1.3148553387E-02
    4.9334129680E-07    -1.7436395826E-02
    4.9434198908E-07    -2.3079698483E-02
    4.9534268137E-07     3.8956293390E-03
    4.9634337365E-07     2.5080936649E-02
    4.9734406594E-07     1.0645124722E-02
    4.9834475823E-07    -1.8671743035E-02
    4.9934545051E-07    -2.1333991444E-02
    5.0034614280E-07     6.1623168978E-03
    5.0134683508E-07     2.4701370082E-02
    5.0234752737E-07     8.1712041182E-03
    5.0334821965E-07    -1.9769225931E-02
    5.0434891194E-07    -1.9534587438E-02
    5.0534960423E-07     8.3216203120E-03
    5.0635029651E-07     2.4202190377E-02
    5.0735098880E-07     5.7333008762E-03
    5.0835168108E-07    -2.0724086728E-02
    5.0935237337E-07    -1.7684985580E-02
    5.1035306565E-07     1.0367837087E-02
    5.1135375794E-07     2.3584057934E-02
    5.1235445022E-07     3.3368271269E-03
    5.1335514251E-07    -2.1534693569E-02
    5.1435583480E-07    -1.5789611750E-02
    5.1535652708E-07     1.2297521416E-02
    5.1635721937E-07     2.2849868452E-02
    5.1735791165E-07     9.8659763577E-04
    5.1835860394E-07    -2.2201762203E-02
    5.1935929622E-07    -1.3853893088E-02
    5.2035998851E-07     1.4108610116E-02
    5.2136068079E-07     2.2004337133E-02
    5.2236137308E-07    -1.3125073303E-03
    5.2336206537E-07    -2.2727585039E-02
    5.2436275765E-07    -1.1884501671E-02
    5.2536344994E-07     1.5799554185E-02
    5.2636414222E-07     2.1053781698E-02
    5.2736483451E-07    -3.5548487182E-03
    5.2836552679E-07    -2.3115480322E-02
    5.2936621908E-07    -9.8896877823E-03
    5.3036691137E-07     1.7368672955E-02
    5.3136760365E-07     2.0006069944E-02
    5.3236829594E-07    -5.7335354638E-03
    5.3336898822E-07    -2.3369496020E-02
    5.3436968051E-07    -7.8794801974E-03
    5.3537037279E-07     1.8813850689E-02
    5.3637106508E-07     1.8870564742E-02
    5.3737175736E-07    -7.8403138215E-03
    5.3837244965E-07    -2.3494290166E-02
    5.3937314194E-07    -5.8655585297E-03
    5.4037383422E-07     2.0132577976E-02
    5.4137452651E-07     1.7657896214E-02
    5.4237521879E-07    -9.8658863691E-03
    5.4337591108E-07    -2.3495041013E-02
    5.4437660336E-07    -3.8607288343E-03
    5.4537729565E-07     2.1322191419E-02
    5.4637798793E-07     1.6379458431E-02
    5.4737868022E-07    -1.1800507649E-02
    5.4837937251E-07    -2.3377220713E-02
    5.4938006479E-07    -1.8781324470E-03
    5.5038075708E-07     2.2380071714E-02
    5.5138144936E-07     1.5046688744E-02
    5.5238214165E-07    -1.3634572296E-02
    5.5338283393E-07    -2.3146186174E-02
    5.5438352622E-07     6.9539201778E-05
    5.5538421850E-07     2.3303654427E-02
    5.5638491079E-07     1.3670340837E-02
    5.5738560308E-07    -1.5358985691E-02
    5.5838629536E-07    -2.2806712480E-02
    5.5938698765E-07     1.9705907593E-03
    5.6038767993E-07     2.4090293058E-02
    5.6138837222E-07     1.2259976153E-02
    5.6238906450E-07    -1.6965281555E-02
    5.6338975679E-07    -2.2362664609E-02
    5.6439044908E-07     3.8145320987E-03
    5.6539114136E-07     2.4737126295E-02
    5.6639183365E-07     1.0823819307E-02
    5.6739252593E-07    -1.8445584025E-02
    5.6839321822E-07    -2.1816982176E-02
    5.6939391050E-07     5.5919912183E-03
    5.7039460279E-07     2.5241136136E-02
    5.7139529507E-07     9.3689883417E-03
    5.7239598736E-07    -1.9792603226E-02
    5.7339667965E-07    -2.1172035431E-02
    5.7439737193E-07     7.2945181157E-03
    5.7539806422E-07     2.5599505764E-02
    5.7639875650E-07     7.9019229883E-03
    5.7739944879E-07    -2.0999831731E-02
    5.7840014107E-07    -2.0430207366E-02
    5.7940083336E-07     8.9145049783E-03
    5.8040152564E-07     2.5810194510E-02
    5.8140221793E-07     6.4287484472E-03
    5.8240291022E-07    -2.2061945849E-02
    5.8340360250E-07    -1.9594441163E-02
    5.8440429479E-07     1.0445316030E-02
    5.8540498707E-07     2.5872512064E-02
    5.8640567936E-07     4.9554119250E-03
    5.8740637164E-07    -2.2975264829E-02
    5.8840706393E-07    -1.8668552532E-02
    5.8940775622E-07     1.1881559792E-02
    5.9040844850E-07     2.5787483438E-02
    5.9140914079E-07     3.4875842025E-03
    5.9240983307E-07    -2.3738072147E-02
    5.9341052536E-07    -1.7657233047E-02
    5.9441121764E-07     1.3219335265E-02
    5.9541190993E-07     2.5557873986E-02
    5.9641260221E-07     2.0304546852E-03
    5.9741329450E-07    -2.4350623049E-02
    5.9841398679E-07    -1.6565822020E-02
    5.9941467907E-07     1.4456246359E-02
    6.0041537136E-07     2.5187894275E-02
    6.0141606364E-07     5.8863792690E-04
    6.0241675593E-07    -2.4814799200E-02
    6.0341744821E-07    -1.5400060768E-02
    6.0441814050E-07     1.5591088862E-02
    6.0541883278E-07     2.4682780095E-02
    6.0641952507E-07    -8.3365930919E-04
    6.0742021736E-07    -2.5133571413E-02
    6.0842090964E-07    -1.4166025837E-02
    6.0942160193E-07     1.6623317945E-02
    6.1042229421E-07     2.4048478211E-02
    6.1142298650E-07    -2.2322473474E-03
    6.1242367878E-07    -2.5310511080E-02
    6.1342437107E-07    -1.2870285728E-02
    6.1442506335E-07     1.7552514722E-02
    6.1542575564E-07     2.3291559230E-02
    6.1642644793E-07    -3.6025045223E-03
    6.1742714021E-07    -2.5349528599E-02
    6.1842783250E-07    -1.1520189475E-02
    6.1942852478E-07     1.8378058952E-02
    6.2042921707E-07     2.2419345573E-02
    6.2142990935E-07    -4.9390777945E-03
    6.2243060164E-07    -2.5254900234E-02
    6.2343129393E-07    -1.0124099595E-02
    6.2443198621E-07     1.9099130171E-02
    6.2543267850E-07     2.1440101690E-02
    6.2643337078E-07    -6.2359025725E-03
    6.2743406307E-07    -2.5031474673E-02
    6.2843475535E-07    -8.6913660376E-03
    6.2943544764E-07     1.9714979794E-02
    6.3043613992E-07     2.0363063190E-02
    6.3143683221E-07    -7.4865408638E-03
    6.3243752450E-07    -2.4684831217E-02
    6.3343821678E-07    -7.2319822134E-03
    6.3443890907E-07     2.0225259149E-02
    6.3543960135E-07     1.9198187101E-02
    6.3644029364E-07    -8.6846555760E-03
    6.3744098592E-07    -2.4221220149E-02
    6.3844167821E-07    -5.7560527376E-03
    6.3944237049E-07     2.0630196830E-02
    6.4044306278E-07     1.7955683534E-02
    6.4144375507E-07    -9.8243993826E-03
    6.4244444735E-07    -2.3647266830E-02
    6.4344513964E-07    -4.2732820607E-03
    6.4444583192E-07     2.0930530002E-02
    6.4544652421E-07     1.6645498649E-02
    6.4644721649E-07    -1.0900559098E-02
    6.4744790878E-07    -2.2969549155E-02
    6.4844860107E-07    -2.7926849674E-03
