    1.5010384284E-09     0.0000000000E+00
    3.0020768568E-09     0.0000000000E+00
    4.5031152852E-09    -2.7167301624E-07
    6.0041537136E-09    -9.6534082447E-05
    7.5051921420E-09    -5.2672949207E-03
    9.0062305704E-09    -3.8336920123E-02
    1.0507268999E-08     1.4641931438E-02
    1.2008307427E-08     6.7113200973E-02
    1.3509345856E-08    -5.3625745091E-02
    1.5010384284E-08    -1.0941821387E-03
    1.6511422712E-08     4.6836825826E-02
    1.8012461141E-08    -4.7572841535E-02
    1.9513499569E-08     1.1229032520E-02
    2.1014537997E-08     2.7222162578E-02
    2.2515576426E-08    -3.9045661176E-02
    2.4016614854E-08     2.0280634668E-02
    2.5517653283E-08     1.0324402553E-02
    2.7018691711E-08    -3.0791755579E-02
    2.8519730139E-08     1.4479477598E-02
    3.0020768568E-08    -2.4613272546E-02
    3.1521806996E-08    -3.3119927130E-02
    3.3022845425E-08     5.0804047163E-02
    3.4523883853E-08     2.8077321996E-02
    3.6024922281E-08    -3.2177259533E-02
    3.7525960710E-08    -2.6438656531E-02
    3.9026999138E-08     8.5932443198E-03
    4.0528037567E-08     3.3883231898E-02
    4.2029075995E-08    -6.7358021020E-03
    4.3530114423E-08    -1.9469740353E-02
    4.5031152852E-08     7.0363428479E-03
    4.6532191280E-08    -3.1398399853E-02
    4.8033229709E-08     1.4733670502E-02
    4.9534268137E-08     7.7946271769E-02
    5.1035306565E-08    -3.7793085963E-02
    5.2536344994E-08    -4.4875506962E-02
    5.4037383422E-08     6.3873248275E-02
    5.5538421850E-08    -1.3405255407E-02
    5.7039460279E-08    -4.1111618477E-02
    5.8540498707E-08     4.4014006886E-02
    6.0041537136E-08    -1.5329960887E-02
    6.1542575564E-08    -2.4517379394E-02
    6.3043613992E-08     5.0550386657E-02
    6.4544652421E-08    -1.1606679900E-02
    6.6045690849E-08    -3.1178042799E-02
    6.7546729278E-08     2.4186148678E-02
    6.9047767706E-08    -8.6704991686E-03
    7.0548806134E-08    -4.3319858651E-03
    7.2049844563E-08     1.6488554666E-02
    7.3550882991E-08    -2.0199407104E-02
    7.5051921420E-08     7.3823629471E-03
    7.6552959848E-08     9.8176287534E-03
    7.8053998276E-08    -2.5237207484E-02
    7.9555036705E-08     2.5058343634E-02
    8.1056075133E-08    -8.8241535948E-04
    8.2557113562E-08    -4.4714054729E-02
    8.4058151990E-08     4.9311055295E-02
    8.5559190418E-08     1.1142669498E-02
    8.7060228847E-08    -8.0736830678E-02
    8.8561267275E-08     4.3053335305E-02
    9.0062305704E-08     5.4670711004E-02
    9.1563344132E-08    -8.5888530223E-02
    9.3064382560E-08    -1.7803787812E-02
    9.4565420989E-08     7.2968732355E-02
    9.6066459417E-08    -1.3623873399E-02
    9.7567497845E-08    -7.4844144919E-02
    9.9068536274E-08    -1.4279536851E-02
    1.0056957470E-07     8.2788932843E-02
    1.0207061313E-07    -9.1586017467E-03
    1.0357165156E-07    -1.7788344948E-01
    1.0507268999E-07     3.4773714564E-02
