    1.6694882965E-09     0.0000000000E+00
    3.3389765929E-09     0.0000000000E+00
    5.0084648894E-09     3.7378443153E-09
    6.6779531859E-09     2.2885516082E-06
    8.3474414823E-09     1.3629691109E-04
    1.0016929779E-08     4.8260481772E-04
    1.1686418075E-08    -1.4356343138E-03
    1.3355906372E-08     1.8655659632E-03
    1.5025394668E-08    -2.3464430480E-03
    1.6694882965E-08     2.8432788586E-03
    1.8364371261E-08    -3.3578710266E-03
    2.0033859558E-08     3.8922208303E-03
    2.1703347854E-08    -4.4486658607E-03
    2.3372836151E-08     5.0296445739E-03
    2.5042324447E-08    -5.6377272288E-03
    2.6711812743E-08     6.2756293791E-03
    2.8381301040E-08    -6.9462263290E-03
    3.0050789336E-08     7.6525685147E-03
    3.1720277633E-08    -8.3978979045E-03
    3.3389765929E-08     9.1856655120E-03
    3.5059254226E-08    -1.0019550125E-02
    3.6728742522E-08     1.0903478363E-02
    3.8398230819E-08    -1.1841646179E-02
    4.0067719115E-08     1.2838541939E-02
    4.1737207412E-08    -1.3898971203E-02
    4.3406695708E-08     1.5028083379E-02
    4.5076184005E-08    -1.6231400382E-02
    4.6745672301E-08     1.7514847490E-02
    4.8415160598E-08    -1.8884786579E-02
    5.0084648894E-08     2.0348051924E-02
    5.1754137190E-08    -2.1911988803E-02
    5.3423625487E-08     2.3584495124E-02
    5.5093113783E-08    -2.5374066326E-02
    5.6762602080E-08     2.7289845829E-02
    5.8432090376E-08    -2.9340451592E-02
    6.0101578673E-08     3.1611301775E-02
    6.1771066969E-08    -3.3721158686E-02
    6.3440555266E-08     3.5388733902E-02
    6.5110043562E-08    -3.7233515188E-02
    6.6779531859E-08     3.9426096727E-02
    6.8449020155E-08    -4.1719861577E-02
    7.0118508452E-08     4.4139368810E-02
    7.1787996748E-08    -4.6692324408E-02
    7.3457485045E-08     4.9386697235E-02
    7.5126973341E-08    -5.2230788830E-02
    7.6796461637E-08     5.5233367555E-02
    7.8465949934E-08    -5.8403687637E-02
    8.0135438230E-08     6.1751517988E-02
    8.1804926527E-08    -6.5287172154E-02
    8.3474414823E-08     6.9021539809E-02
    8.5143903120E-08    -7.2966119985E-02
    8.6813391416E-08     7.7133056134E-02
    8.8482879713E-08    -8.1535173123E-02
    9.0152368009E-08     8.6186016282E-02
    9.1821856306E-08    -9.1099892619E-02
    9.3491344602E-08     9.6291914334E-02
    9.5160832899E-08    -1.0177804476E-01
    9.6830321195E-08     1.0757514690E-01
    9.8499809492E-08    -1.1370103464E-01
    1.0016929779E-07     1.2017452690E-01
    1.0183878608E-07    -1.2701550481E-01
    1.0350827438E-07     1.3424497217E-01
    1.0517776268E-07    -1.4188511926E-01
    1.0684725097E-07     1.4995939037E-01
    1.0851673927E-07    -1.5849255514E-01
    1.1018622757E-07     1.6751078401E-01
    1.1185571586E-07    -1.7704172801E-01
    1.1352520416E-07     1.8711460315E-01
    1.1519469246E-07    -1.9776027969E-01
    1.1686418075E-07     2.0901137664E-01
    1.1853366905E-07    -2.2090236175E-01
    1.2020315735E-07     2.3346965737E-01
    1.2187264564E-07    -2.4675175256E-01
    1.2354213394E-07     2.6078932189E-01
    1.2521162224E-07    -2.7562535128E-01
    1.2688111053E-07     2.9130527095E-01
    1.2855059883E-07    -3.0787709536E-01
    1.3022008712E-07     3.2539157007E-01
    1.3188957542E-07    -3.4390232673E-01
    1.3355906372E-07     3.6346604709E-01
    1.3522855201E-07    -3.8414263656E-01
    1.3689804031E-07     4.0599540768E-01
    1.3856752861E-07    -4.2909127395E-01
    1.4023701690E-07     4.5350095483E-01
    1.4190650520E-07    -4.7929919225E-01
    1.4357599350E-07     5.0656497948E-01
    1.4524548179E-07    -5.3538180307E-01
    1.4691497009E-07     5.6583789845E-01
    1.4858445839E-07    -5.9802652015E-01
    1.5025394668E-07     6.3204622734E-01
    1.5192343498E-07    -6.6800118564E-01
    1.5359292327E-07     7.0600148608E-01
    1.5526241157E-07    -7.4616348217E-01
    1.5693189987E-07     7.8861014623E-01
    1.5860138816E-07    -8.3347144589E-01
    1.6027087646E-07     8.8088474205E-01
    1.6194036476E-07    -9.3099520950E-01
