    1.1674743332E-09     0.0000000000E+00
    2.3349486664E-09     0.0000000000E+00
    3.5024229996E-09    -3.8347261141E-07
    4.6698973328E-09    -4.3661843065E-05
    5.8373716660E-09    -1.6266235420E-03
    7.0048459992E-09    -1.9979321835E-02
    8.1723203324E-09    -8.1205234029E-02
    9.3397946655E-09    -9.4690262994E-02
    1.0507268999E-08     6.0943081787E-02
    1.1674743332E-08     1.9447569695E-01
    1.2842217665E-08     6.0967905156E-02
    1.4009691998E-08    -1.4660807594E-01
    1.5177166332E-08    -8.8456736220E-02
    1.6344640665E-08     1.1778133905E-01
    1.7512114998E-08     1.0548285420E-01
    1.8679589331E-08    -8.7635680320E-02
    1.9847063664E-08    -1.1036481011E-01
    2.1014537997E-08     6.0633036991E-02
    2.2182012331E-08     1.0627466633E-01
    2.3349486664E-08    -4.0347980841E-02
    2.4516960997E-08    -9.8874581221E-02
    2.5684435330E-08     2.5482661179E-02
    2.6851909663E-08     9.0622094252E-02
    2.8019383997E-08    -1.4545744364E-02
    2.9186858330E-08    -8.2524701750E-02
    3.0354332663E-08     6.4115288273E-03
    3.1521806996E-08     7.4968504715E-02
    3.2689281329E-08    -2.9163863025E-04
    3.3856755663E-08    -6.8071592730E-02
    3.5024229996E-08    -4.3598566953E-03
    3.6191704329E-08     6.1837222722E-02
    3.7359178662E-08     7.9238804415E-03
    3.8526652995E-08    -5.6221912041E-02
    3.9694127329E-08    -1.0669926506E-02
    4.0861601662E-08     5.1166140134E-02
    4.2029075995E-08     1.2791656982E-02
    4.3196550328E-08    -4.6608092213E-02
    4.4364024661E-08    -1.4430434989E-02
    4.5531498995E-08     4.2489534847E-02
    4.6698973328E-08     1.5690982541E-02
    4.7866447661E-08    -3.8758177523E-02
    4.9033921994E-08    -1.6653002539E-02
    5.0201396327E-08     3.5362731424E-02
    5.1368870661E-08     1.7354225114E-02
    5.2536344994E-08    -3.2346049884E-02
    5.3703819327E-08    -1.8110763267E-02
    5.4871293660E-08     2.8906933003E-02
    5.6038767993E-08     1.7052738046E-02
    5.7206242326E-08    -2.9162597945E-02
    5.8373716660E-08    -2.2060218185E-02
    5.9541190993E-08     2.0331730172E-02
    6.0708665326E-08     1.5908979552E-02
    6.1876139659E-08    -2.0370453898E-02
    6.3043613992E-08    -9.3136323790E-03
    6.4211088326E-08     3.6381718268E-02
    6.5378562659E-08     3.4891964033E-02
    6.6546036992E-08    -1.2860338597E-02
    6.7713511325E-08    -3.1450372325E-02
    6.8880985658E-08    -1.0451474769E-02
    7.0048459992E-08    -5.2768421569E-03
    7.1215934325E-08    -1.5832355464E-02
    7.2383408658E-08     6.8689790509E-03
    7.3550882991E-08     4.3464769698E-02
    7.4718357324E-08     2.3811739699E-02
    7.5885831658E-08    -3.7927587004E-02
    7.7053305991E-08    -4.9235001431E-02
    7.8220780324E-08     8.4421032318E-03
    7.9388254657E-08     4.8363034973E-02
    8.0555728990E-08     1.9535273087E-02
    8.1723203324E-08    -2.5227930641E-02
    8.2890677657E-08    -2.8314548078E-02
    8.4058151990E-08    -3.1442050610E-03
    8.5225626323E-08     1.5800692638E-02
    8.6393100656E-08     2.0787407905E-02
    8.7560574990E-08     8.4157885655E-03
    8.8728049323E-08    -2.0724505893E-02
    8.9895523656E-08    -3.1422896544E-02
    9.1062997989E-08     5.4925802971E-03
    9.2230472322E-08     4.3835098901E-02
    9.3397946655E-08     1.6915044500E-02
    9.4565420989E-08    -4.2506763764E-02
    9.5732895322E-08    -3.7876707072E-02
    9.6900369655E-08     2.9684265629E-02
    9.8067843988E-08     5.1348379435E-02
    9.9235318321E-08    -1.0505811812E-02
    1.0040279265E-07    -5.4911129284E-02
    1.0157026699E-07    -9.4800188578E-03
    1.0273774132E-07     4.9249339061E-02
    1.0390521565E-07     2.5932586036E-02
    1.0507268999E-07    -3.6939676225E-02
    1.0624016432E-07    -3.6354518928E-02
    1.0740763865E-07     2.1231238853E-02
    1.0857511299E-07     4.0009046270E-02
    1.0974258732E-07    -5.1604001380E-03
    1.1091006165E-07    -3.7472417568E-02
    1.1207753599E-07    -8.9284255854E-03
    1.1324501032E-07     3.0100381385E-02
    1.1441248465E-07     1.9532843127E-02
    1.1557995899E-07    -1.9569012056E-02
    1.1674743332E-07    -2.5936606923E-02
    1.1791490765E-07     7.5475595131E-03
    1.1908238199E-07     2.8054666432E-02
    1.2024985632E-07     4.4979356403E-03
    1.2141733065E-07    -2.6251914789E-02
    1.2258480499E-07    -1.5394667907E-02
    1.2375227932E-07     2.1186117203E-02
    1.2491975365E-07     2.4297901834E-02
    1.2608722798E-07    -1.3669682656E-02
    1.2725470232E-07    -3.0682895274E-02
    1.2842217665E-07     4.5488171197E-03
    1.2958965098E-07     3.4277541959E-02
    1.3075712532E-07     5.3317350968E-03
    1.3192459965E-07    -3.5042053694E-02
    1.3309207398E-07    -1.5162705308E-02
    1.3425954832E-07     3.3191994175E-02
    1.3542702265E-07     2.4307375131E-02
    1.3659449698E-07    -2.9064448267E-02
    1.3776197132E-07    -3.2309044300E-02
    1.3892944565E-07     2.2977702921E-02
    1.4009691998E-07     3.8721762737E-02
    1.4126439432E-07    -1.5356731298E-02
    1.4243186865E-07    -4.3149630508E-02
    1.4359934298E-07     6.8357733918E-03
    1.4476681732E-07     4.5486597133E-02
